9841.99  5.210817084e-17
9848.54  3.942637422e-17
9855.09  4.025657688e-17
9861.63  4.622267496e-17
9868.18  4.991272044e-17
9874.72  4.480420418e-17
9881.27  4.089525336e-17
9887.82  4.071383444e-17
9894.36  4.635253406e-17
9900.91  5.039479836e-17
9907.46  4.26225713e-17
9914.0  4.28880468e-17
9920.55  4.806782564e-17
9927.09  5.02650672e-17
9933.64  4.488109612e-17
9940.19  4.188678836e-17
9946.73  5.19078168e-17
9953.28  4.730850174e-17
9959.82  4.437266256e-17
9966.37  6.381851904e-17
9972.92  6.71838528e-17
9979.46  5.517067062e-17
9986.01  5.309855438e-17
9992.55  5.774456754e-17
9999.1  6.005081398e-17
10005.6  5.46150272e-17
10012.2  5.757722202e-17
10018.7  6.364810296e-17
10025.3  6.095816446e-17
10031.8  6.313109742e-17
10038.4  5.534479696e-17
10044.9  5.113582684e-17
10051.5  5.673512094e-17
10058.0  5.480194754e-17
10064.6  5.50308322e-17
10071.1  5.670927706e-17
10077.7  5.643650898e-17
10084.2  5.763479502e-17
10090.7  6.287304244e-17
10097.3  6.148335816e-17
10103.8  5.616860262e-17
10110.4  5.366967854e-17
10116.9  4.84393634e-17
10123.5  5.42747068e-17
10130.0  5.914589436e-17
10136.6  5.39887609e-17
10143.1  5.295385424e-17
10149.7  5.595993248e-17
10156.2  5.79843271e-17
10162.8  5.978648994e-17
10169.3  5.941955802e-17
10175.8  5.369219598e-17
10182.4  5.665643784e-17
10188.9  5.50180382e-17
10195.5  4.982789622e-17
10202.0  4.937191806e-17
10208.6  5.49860532e-17
10215.1  5.664082916e-17
10221.7  5.332551994e-17
10228.2  5.771066344e-17
10234.8  6.108763974e-17
10241.3  5.371266638e-17
10247.9  5.118917782e-17
10254.4  5.764439052e-17
10260.9  6.51125042e-17
10267.5  6.394031792e-17
10274.0  6.195456118e-17
10280.6  6.44900761e-17
10287.1  5.146872672e-17
10293.7  5.154868922e-17
10300.2  5.76695947e-17
10306.8  5.764579786e-17
10313.3  6.360882538e-17
10319.9  7.547666772e-17
10326.4  6.431710122e-17
10332.9  6.774307854e-17
10339.5  6.717029116e-17
10346.0  6.739674496e-17
10352.6  7.135699972e-17
10359.1  8.195887576e-17
10365.7  7.288792976e-17
10372.2  6.082485098e-17
10378.8  6.13491491e-17
10385.3  6.43275923e-17
10391.9  6.491688394e-17
10398.4  7.392731432e-17
10405.0  6.99755036e-17
10411.5  5.980094716e-17
10418.0  7.344216584e-17
10424.6  7.14077919e-17
10431.1  6.231599168e-17
10437.7  7.627322216e-17
10444.2  7.374436012e-17
10450.8  7.477939472e-17
10457.3  8.865691858e-17
10463.9  9.426708758e-17
10470.4  6.785924806e-17
10477.0  6.49333882e-17
10483.5  6.19152836e-17
10490.1  6.446077784e-17
10496.6  7.067699862e-17
10503.1  6.97797554e-17
10509.7  6.977438192e-17
10516.2  6.734096312e-17
10522.8  8.713647962e-17
10529.3  7.203712876e-17
10535.9  6.828017066e-17
10542.4  6.533780654e-17
10549.0  6.322564508e-17
10555.5  6.671840708e-17
10562.1  6.599362698e-17
10568.6  7.46286814e-17
10575.2  6.867588908e-17
10581.7  6.547367882e-17
10588.2  6.555108252e-17
10594.8  7.36985576e-17
10601.3  6.570793696e-17
10607.9  6.946489506e-17
10614.4  6.5748366e-17
10621.0  6.567646372e-17
10627.5  6.715800892e-17
10634.1  7.265750982e-17
10640.6  6.719268066e-17
10647.2  7.159151374e-17
10653.7  7.077653594e-17
10660.3  6.835846994e-17
10666.8  6.697953262e-17
10673.3  6.891974272e-17
10679.9  7.261413816e-17
10686.4  5.970883036e-17
10693.0  6.863801884e-17
10699.5  6.792961506e-17
10706.1  1.008058451e-16
10712.6  7.92831386e-17
10719.2  6.226814212e-17
10725.7  6.106294732e-17
10732.3  6.65786966e-17
10738.8  6.994441418e-17
10745.4  6.630029916e-17
10751.9  7.011521408e-17
10758.4  7.29411528e-17
10765.0  6.548058758e-17
10771.5  6.808250336e-17
10778.1  2.11184161e-17
10784.6  -8.202412516e-17
10791.2  4.99855183e-17
10797.7  7.446197558e-17
10804.3  7.064232688e-17
10810.8  6.198232416e-17
10817.4  6.509062646e-17
10823.9  7.624085334e-17
10830.5  6.193626576e-17
10837.0  7.59861248e-17
10843.5  6.639049686e-17
10850.1  9.620435506e-17
10856.6  6.83506656e-17
10863.2  6.870352412e-17
10869.7  7.758844536e-17
10876.3  6.8633413e-17
10882.8  7.654688582e-17
10889.4  7.059716406e-17
10895.9  7.00964069e-17
10902.5  6.795699422e-17
10909.0  6.633445914e-17
10915.5  7.0226266e-17
10922.1  6.410715168e-17
10928.6  6.745495766e-17
10935.2  7.410950088e-17
10941.7  6.028392066e-17
10948.3  6.251110018e-17
10954.8  5.90270381e-17
10961.4  4.976917176e-17
10967.9  4.291273922e-17
10974.5  7.097509882e-17
10981.0  8.700930726e-17
10987.6  7.334710642e-17
10994.1  6.52167753e-17
11000.6  7.090063774e-17
11007.2  6.967650782e-17
11013.7  5.410352308e-17
11020.3  6.12499956e-17
11026.8  6.416024678e-17
11033.4  7.466847074e-17
11039.9  6.533908594e-17
11046.5  6.41471969e-17
11053.0  6.902887554e-17
11059.6  6.204680592e-17
11066.1  5.556638904e-17
11072.7  6.401183638e-17
11079.2  6.850189068e-17
11085.7  7.233369368e-17
11092.3  7.043250528e-17
11098.8  6.505058124e-17
11105.4  6.752903492e-17
11111.9  6.30654642e-17
11118.5  6.22575231e-17
11125.0  6.01797775e-17
11131.6  6.511544682e-17
11138.1  6.455686078e-17
11144.7  6.405200954e-17
11151.2  6.637348084e-17
11157.8  6.416587614e-17
11164.3  6.015892328e-17
11170.8  6.41190501e-17
11177.4  6.17336088e-17
11183.9  5.772883092e-17
11190.5  6.078007198e-17
11197.0  6.528829376e-17
11203.6  6.174333224e-17
11210.1  5.860278906e-17
11216.7  6.067989496e-17
11223.2  5.89259655e-17
11229.8  6.416152618e-17
11236.3  6.663614166e-17
11242.9  6.394134144e-17
11249.4  5.95918932e-17
11255.9  5.824801144e-17
11262.5  5.554655834e-17
11269.0  6.155717954e-17
11275.6  6.084173906e-17
11282.1  5.552800704e-17
11288.7  5.298814216e-17
11295.2  5.93987038e-17
11301.8  6.782342486e-17
11308.3  4.871609762e-17
11314.9  5.31053352e-17
11321.4  5.562037972e-17
11328.0  6.579160972e-17
11334.5  5.801464888e-17
11341.0  6.269085588e-17
11347.6  6.626665094e-17
11354.1  6.198334768e-17
11360.7  5.726504842e-17
11367.2  5.516823976e-17
11373.8  5.632123504e-17
11380.3  5.665272758e-17
11386.9  5.108030088e-17
11393.4  5.423043956e-17
11400.0  5.79926432e-17
11406.5  5.330082752e-17
11413.0  4.978618778e-17
11419.6  4.691214362e-17
11426.1  4.82327403e-17
11432.7  5.438767782e-17
11439.2  5.8199906e-17
11445.8  4.536905928e-17
11452.3  8.426691336e-17
11458.9  9.682409642e-17
11465.4  4.841415922e-17
11472.0  5.898494584e-17
11478.5  5.959560346e-17
11485.1  5.557419338e-17
11491.6  5.187992588e-17
11498.1  5.096579458e-17
11504.7  5.156711258e-17
11511.2  5.340369128e-17
11517.8  5.647489098e-17
11524.3  5.915996776e-17
11530.9  4.786452898e-17
11537.4  5.066219296e-17
11544.0  5.99693162e-17
11550.5  5.218902892e-17
11557.1  5.28174702e-17
11563.6  5.029244636e-17
11570.2  5.173804042e-17
11576.7  5.489124966e-17
11583.2  4.92844071e-17
11589.8  5.184973204e-17
11596.3  5.451664134e-17
11602.9  5.448465634e-17
11609.4  5.39292688e-17
11616.0  4.760046082e-17
11622.5  4.837296254e-17
11629.1  5.082685174e-17
11635.6  4.242196138e-17
11642.2  4.326444628e-17
11648.7  4.648802252e-17
11655.3  4.685252358e-17
11661.8  4.934863298e-17
11668.3  4.979066568e-17
11674.9  4.74945265e-17
11681.4  4.504473138e-17
11688.0  4.780298984e-17
11694.5  5.02836185e-17
11701.1  5.009311584e-17
11707.6  4.627321126e-17
11714.2  4.5936857e-17
11720.7  5.09252376e-17
11727.3  4.58076376e-17
11733.8  4.345379748e-17
11740.4  4.662287128e-17
11746.9  4.748672216e-17
11753.4  4.636174574e-17
11760.0  4.923886046e-17
11766.5  4.954821938e-17
11773.1  1.143450956e-17
11779.6  1.281907624e-17
11786.2  3.914234742e-17
11792.7  6.149129044e-17
11799.3  5.68590948e-17
11805.8  4.309236698e-17
11812.4  4.465758494e-17
11818.9  4.448102774e-17
11825.5  4.104020938e-17
11832.0  4.136376964e-17
11838.5  4.363995018e-17
11845.1  4.28349517e-17
11851.6  4.218232976e-17
11858.2  4.157845296e-17
11864.7  3.9674194e-17
11871.3  4.367449398e-17
11877.8  4.267297966e-17
11884.4  4.103765058e-17
11890.9  5.151005134e-17
11897.5  4.614616684e-17
11904.0  4.262679332e-17
11910.6  3.931839286e-17
11917.1  3.890796134e-17
11923.6  3.719906676e-17
11930.2  3.83199491e-17
11936.7  4.280143142e-17
11943.3  4.20960982e-17
11949.8  4.00586537e-17
11956.4  4.133856546e-17
11962.9  3.70750929e-17
11969.5  3.856060424e-17
11976.0  4.18402182e-17
11982.6  3.351145214e-17
11989.1  4.051514362e-17
11995.7  4.510998078e-17
12002.2  4.646307422e-17
12008.7  4.185544306e-17
12015.3  4.182435364e-17
12021.8  4.591523514e-17
12028.4  4.191723808e-17
12034.9  4.808522548e-17
12041.5  3.992060644e-17
12048.0  4.367666896e-17
12054.6  4.314750912e-17
12061.1  3.764097152e-17
12067.7  4.367666896e-17
12074.2  4.36288194e-17
12080.7  4.164459794e-17
12087.3  4.130888338e-17
12093.8  4.046639848e-17
12100.4  4.039628736e-17
12106.9  4.564502586e-17
12113.5  3.951721162e-17
12120.0  4.02441667e-17
12126.6  3.56524001e-17
12133.1  3.100766634e-17
12139.7  3.895734618e-17
12146.2  5.52988665e-17
12152.8  4.607029842e-17
12159.3  4.32673889e-17
12165.8  4.245125964e-17
12172.4  4.099747742e-17
12178.9  4.36889512e-17
12185.5  3.72618853e-17
12192.0  3.819495172e-17
12198.6  4.568942104e-17
12205.1  3.849062106e-17
12211.7  4.290071286e-17
12218.2  3.670163604e-17
12224.8  3.92040145e-17
12231.3  3.999801014e-17
12237.9  3.48163122e-17
12244.4  3.897167546e-17
12250.9  4.081145266e-17
12257.5  4.400406742e-17
12264.0  4.04552677e-17
12270.6  4.016202922e-17
12277.1  3.555887596e-17
12283.7  4.07137065e-17
12290.2  5.014902562e-17
12296.8  4.188845158e-17
12303.3  3.845415816e-17
12309.9  4.198939624e-17
12316.4  3.766783892e-17
12323.0  3.549848828e-17
12329.5  4.5143629e-17
12336.0  4.462815874e-17
12342.6  3.54189096e-17
12349.1  4.40478229e-17
12355.7  4.543072636e-17
12362.2  3.911522414e-17
12368.8  3.620177446e-17
12375.3  4.02102626e-17
12381.9  4.011328408e-17
12388.4  3.627431644e-17
12395.0  3.977360338e-17
12401.5  3.889171296e-17
12408.1  4.12331429e-17
12414.6  4.30812362e-17
12421.1  3.461877284e-17
12427.7  3.913710188e-17
12434.2  3.60752418e-17
12440.8  3.675741788e-17
12447.3  3.654183898e-17
12453.9  3.687179624e-17
12460.4  3.878872126e-17
12467.0  3.941306846e-17
12473.5  3.608445348e-17
12480.1  3.783544032e-17
12486.6  3.932862806e-17
12493.2  3.81683402e-17
12499.7  3.571931272e-17
12506.2  3.790657496e-17
12512.8  3.196414578e-17
12519.3  3.579454144e-17
12525.9  3.256687112e-17
12532.4  3.425056152e-17
12539.0  3.382400956e-17
12545.5  3.301414936e-17
12552.1  3.079170362e-17
12558.6  3.415665356e-17
12565.2  3.431952118e-17
12571.7  3.141489936e-17
12578.2  3.09518845e-17
12584.8  3.454687056e-17
12591.3  3.343699106e-17
12597.9  3.267357308e-17
12604.4  3.278436912e-17
12611.0  2.750825146e-17
12617.5  2.754062028e-17
12624.1  2.620684578e-17
12630.6  2.975039996e-17
12637.2  3.77442191e-17
12643.7  3.495013744e-17
12650.3  3.23310777e-17
12656.8  3.367611092e-17
12663.3  3.929638718e-17
12669.9  3.60080733e-17
12676.4  3.797016114e-17
12683.0  3.790580732e-17
12689.5  3.929088576e-17
12696.1  3.982106912e-17
12702.6  3.533715594e-17
12709.2  3.995732522e-17
12715.7  3.49922297e-17
12722.3  3.728760124e-17
12728.8  3.690314154e-17
12735.4  4.009690776e-17
12741.9  3.266871136e-17
12748.4  2.820603622e-17
12755.0  3.161883572e-17
12761.5  3.199766606e-17
12768.1  3.202056732e-17
12774.6  2.957090014e-17
12781.2  9.826073468e-19
12787.7  3.557448464e-17
12794.3  3.567709252e-17
12800.8  2.750338974e-17
12807.4  2.908434432e-17
12813.9  3.67949043e-17
12820.5  3.477383612e-17
12827.0  2.900348624e-17
12833.5  2.985710192e-17
12840.1  3.414693012e-17
12846.6  3.022467354e-17
12853.2  2.968220794e-17
12859.7  3.225392988e-17
12866.3  3.019140914e-17
12872.8  2.816586306e-17
12879.4  2.941506922e-17
12885.9  2.751682344e-17
12892.5  2.76778999e-17
12899.0  2.859292678e-17
12905.6  3.360305718e-17
12912.1  3.417315782e-17
12918.6  2.859599734e-17
12925.2  2.782554266e-17
12931.7  3.212535018e-17
12938.3  3.08917527e-17
12944.8  3.108634944e-17
12951.4  3.348087448e-17
12957.9  3.011989068e-17
12964.5  2.728077414e-17
12971.0  2.872931082e-17
12977.6  2.741664642e-17
12984.1  2.971265766e-17
12990.7  2.732261052e-17
12997.2  2.744133884e-17
13003.7  2.85453331e-17
13010.3  2.786200556e-17
13016.8  2.536883878e-17
13023.4  2.539212386e-17
13029.9  3.234950106e-17
13036.5  3.018897828e-17
13043.0  2.646784338e-17
13049.6  3.168063074e-17
13056.1  3.193523134e-17
13062.7  2.745119022e-17
13069.2  2.78371852e-17
13075.8  3.401630338e-17
13082.3  3.298344376e-17
13088.8  2.940342668e-17
13095.4  3.283477748e-17
13101.9  3.357363098e-17
13108.5  2.904852112e-17
13115.0  2.73900349e-17
13121.6  2.529284242e-17
13128.1  3.04804256e-17
13134.7  3.427998772e-17
13141.2  2.915189664e-17
13147.8  2.91626436e-17
13154.3  2.895627638e-17
13160.8  2.651147092e-17
13167.4  2.70855377e-17
13173.9  2.889499312e-17
13180.5  3.091337456e-17
13187.0  3.264056456e-17
13193.6  3.090416288e-17
13200.1  3.070547206e-17
13206.7  3.089328798e-17
13213.2  2.862286474e-17
13219.8  3.01976782e-17
13226.3  3.051445764e-17
13232.9  3.09992223e-17
13239.4  3.45214105e-17
13245.9  3.127007128e-17
13252.5  2.6553947e-17
13259.0  2.782707794e-17
13265.6  2.992439836e-17
13272.1  3.113176814e-17
13278.7  3.071148524e-17
13285.2  2.946701286e-17
13291.8  2.849364534e-17
13298.3  2.933881698e-17
13304.9  3.24123196e-17
13311.4  3.389412068e-17
13318.0  3.21602778e-17
13324.5  3.300903176e-17
13331.0  3.04849035e-17
13337.6  2.797049868e-17
13344.1  3.2528745e-17
13350.7  3.296924242e-17
13357.2  3.138700844e-17
13363.8  3.237931108e-17
13370.3  3.26010311e-17
13376.9  3.291166942e-17
13383.4  3.080257852e-17
13390.0  3.23521878e-17
13396.5  3.575551974e-17
13403.1  3.486787202e-17
13409.6  3.347319808e-17
13416.1  3.051253854e-17
13422.7  3.34268838e-17
13429.2  3.46320786e-17
13435.8  3.11079713e-17
13442.3  3.214275002e-17
13448.9  3.465242106e-17
13455.4  3.263711018e-17
13462.0  3.479123596e-17
13468.5  3.434127098e-17
13475.1  3.226813122e-17
13481.6  3.2144925e-17
13488.2  3.178183128e-17
13494.7  2.865856e-17
13501.2  3.568835124e-17
13507.8  3.756612662e-17
13514.3  3.303116538e-17
13520.9  2.40757492e-17
13527.4  3.541929342e-17
13534.0  3.236958764e-17
13540.5  3.495499916e-17
13547.1  3.90012296e-17
13553.6  3.326452794e-17
13560.2  3.489000564e-17
13566.7  3.031551094e-17
13573.3  2.349912362e-17
13579.8  3.372779868e-17
13586.3  3.87472687e-17
13592.9  2.366685296e-17
13599.4  2.59372762e-17
13606.0  1.619515696e-17
13612.5  1.618018798e-17
13619.1  6.04586867e-17
13625.6  1.0939432936e-16
13632.2  1.2139996308e-16
13638.7  3.07215925e-17
13645.3  2.438817868e-17
13651.8  -3.899623994e-18
13658.4  2.310417284e-17
13664.9  2.833755854e-17
13671.4  3.204525974e-17
13678.0  4.2424904e-17
13684.5  3.661860298e-17
13691.1  2.301103252e-17
13697.6  2.673677326e-17
13704.2  1.916067822e-17
13710.7  2.026723128e-17
13717.3  3.893418904e-17
13723.8  3.707176646e-17
13730.4  1.811323344e-17
13736.9  2.750940292e-18
13743.4  2.663480508e-17
13750.0  2.878445296e-17
13756.5  3.242818416e-17
13763.1  2.606636766e-17
13769.6  3.912648286e-17
13776.2  2.633542548e-17
13782.7  3.504801154e-17
13789.3  3.956071122e-17
13795.8  3.921348206e-17
13802.4  3.479635356e-17
13808.9  2.554462834e-17
13815.5  2.778869594e-17
13822.0  2.010602688e-18
13828.5  3.212995602e-17
13835.1  3.434139892e-17
13841.6  8.341777558e-18
13848.2  9.270007846e-17
13854.7  3.471946162e-17
13861.3  7.232102762e-17
13867.8  2.954057836e-17
13874.4  5.001891064e-17
13880.9  4.578256136e-17
13887.5  3.303884178e-17
13894.0  2.769107772e-17
13900.6  4.546245548e-17
13907.1  4.274833632e-17
13913.6  4.277584342e-17
13920.2  4.184380052e-17
13926.7  3.207443006e-17
13933.3  3.54732841e-17
13939.8  2.1538699e-17
13946.4  4.525532062e-17
13952.9  4.107871932e-17
13959.5  4.454346246e-17
13966.0  2.247240512e-17
13972.6  6.207802328e-17
13979.1  4.156233252e-17
13985.7  5.346855686e-17
13992.2  4.3825847e-17
13998.7  3.86928942e-17
14005.3  4.84291282e-17
14011.8  3.991254622e-17
14018.4  3.9495078e-17
14024.9  6.044883532e-17
14031.5  4.773838014e-17
14038.0  3.716477884e-17
14044.6  3.18647364e-17
14051.1  3.539357748e-17
14057.7  3.120942772e-17
14064.2  3.265566148e-17
14070.8  3.418262538e-17
14077.3  4.063527928e-17
14083.8  4.186926058e-17
14090.4  3.394580844e-17
14096.9  4.236131782e-17
14103.5  4.281358572e-17
14110.0  4.11448643e-17
14116.6  3.682036436e-17
14123.1  2.742278754e-17
14129.7  3.84280584e-17
14136.2  4.400381154e-17
14142.8  3.159132862e-17
14149.3  4.339430538e-17
14155.9  3.694433822e-17
14162.4  2.00693081e-17
14168.9  3.87152837e-17
14175.5  5.119813362e-17
14182.0  3.649821144e-17
14188.6  4.599941966e-17
14195.1  4.15152506e-17
14201.7  3.242613712e-17
14208.2  2.391799918e-17
14214.8  4.478053528e-17
14221.3  5.702439328e-17
14227.9  3.992534022e-17
14234.4  3.905483646e-17
14241.0  4.039590354e-17
14247.5  3.558676688e-17
14254.0  3.787612524e-17
14260.6  4.43459231e-17
14267.1  4.3845038e-17
14273.7  4.225768642e-17
14280.2  4.239202342e-17
14286.8  3.553904526e-17
14293.3  2.719006468e-17
14299.9  9.150691002e-18
14306.4  5.609874738e-18
14313.0  3.808824976e-17
14319.5  4.107014734e-17
14326.0  3.683789214e-17
14332.6  3.074935548e-17
14339.1  3.907914506e-17
14345.7  4.635035908e-17
14352.2  3.339310764e-17
14358.8  -5.046759622e-17
14365.3  -8.629092416e-17
14371.9  -1.482875776e-16
14378.4  -2.219285622e-16
14385.0  5.807401304e-17
14391.5  4.640933942e-17
14398.1  6.93837811e-17
14404.6  6.150600354e-17
14411.1  3.704016528e-17
14417.7  3.549452214e-17
14424.2  3.93856893e-17
14430.8  3.823857926e-17
14437.3  4.13994649e-17
14443.9  1.921287774e-17
14450.4  1.527066252e-17
14457.0  3.878526688e-17
14463.5  3.437389568e-17
14470.1  3.34575894e-17
14476.6  3.253373466e-17
14483.2  3.826915692e-17
14489.7  3.693973238e-17
14496.2  3.34921332e-17
14502.8  3.647108816e-17
14509.3  3.637116702e-17
14515.9  3.540432444e-17
14522.4  2.971508852e-17
14529.0  2.245679644e-17
14535.5  3.048503144e-17
14542.1  3.586938634e-17
14548.6  3.228079728e-17
14555.2  3.40729808e-17
14561.7  3.36104777e-17
14568.3  3.539575246e-17
14574.8  3.562207832e-17
14581.3  3.300429798e-17
14587.9  3.468491782e-17
14594.4  3.326926172e-17
14601.0  3.547763406e-17
14607.5  3.888966592e-17
14614.1  3.180255756e-17
14620.6  3.007370434e-17
14627.2  3.396640678e-17
14633.7  3.29330354e-17
14640.3  3.048247264e-17
14646.8  3.172259506e-17
14653.4  3.357580596e-17
14659.9  3.357708536e-17
14666.4  3.147618262e-17
14673.0  3.066094894e-17
14679.5  3.219981126e-17
14686.1  3.576844168e-17
14692.6  3.77851599e-17
14699.2  3.764148328e-17
14705.7  3.77595719e-17
14712.3  4.016765858e-17
14718.8  2.450575554e-17
14725.4  2.435952012e-17
14731.9  3.280292042e-17
14738.5  3.23157249e-17
14745.0  3.322525036e-17
14751.5  3.22581519e-17
14758.1  3.180818692e-17
14764.6  3.575513592e-17
14771.2  -3.027751276e-18
14777.7  1.391181178e-18
14784.3  3.669268024e-17
14790.8  2.291929954e-17
14797.4  3.509406994e-17
14803.9  4.3390851e-17
14810.5  3.92430362e-17
14817.0  3.362314376e-17
14823.5  3.374020886e-17
14830.1  3.672031528e-17
14836.6  3.665877614e-17
14843.2  3.175125362e-17
14849.7  3.327578666e-17
14856.3  3.595574584e-17
14862.8  3.101495892e-17
14869.4  3.004389432e-17
14875.9  3.932440604e-17
14882.5  3.471677488e-17
14889.0  3.868598544e-17
14895.6  4.163154806e-17
14902.1  3.909756842e-17
14908.6  2.676658328e-17
14915.2  2.661100824e-17
14921.7  3.71588936e-17
14928.3  3.523928184e-17
14934.8  3.141771404e-17
14941.4  3.068845604e-17
14947.9  3.893674784e-17
14954.5  3.831368004e-17
14961.0  3.587731862e-17
14967.6  3.553392766e-17
14974.1  3.447931824e-17
14980.7  3.67322137e-17
14987.2  3.752403436e-17
14993.7  3.715172896e-17
15000.3  3.531451056e-17
15006.8  3.465728278e-17
15013.4  3.300327446e-17
15019.9  2.999412566e-17
15026.5  3.37416162e-17
15033.0  3.729079974e-17
15039.6  3.479213154e-17
15046.1  3.774447498e-17
15052.7  4.123979578e-17
15059.2  3.97260097e-17
15065.8  3.766835068e-17
15072.3  3.857224678e-17
15078.8  2.867122606e-17
15085.4  3.121979086e-17
15091.9  4.612006708e-17
15098.5  4.023815352e-17
15105.0  3.585096298e-17
15111.6  4.131464068e-17
15118.1  3.39955771e-17
15124.7  3.315872156e-17
15131.2  3.502626174e-17
15137.8  3.857595704e-17
15144.3  3.425132916e-17
15150.9  3.397305966e-17
15157.4  3.905202178e-17
15163.9  3.656128586e-17
15170.5  3.375901604e-17
15177.0  3.488655126e-17
15183.6  3.409741734e-17
15190.1  3.936470714e-17
15196.7  3.511530798e-17
15203.2  3.478330368e-17
15209.8  3.630310294e-17
15216.3  3.509880372e-17
15222.9  3.536607038e-17
15229.4  3.054541912e-17
15236.0  3.446741982e-17
15242.5  4.286169116e-17
15249.0  4.303377046e-17
15255.6  4.572294132e-17
15262.1  3.261152218e-17
15268.7  3.443492306e-17
15275.2  3.318725218e-17
15281.8  3.423751164e-17
15288.3  3.52864917e-17
15294.9  4.079533222e-17
15301.4  3.127083892e-17
15308.0  3.911010654e-17
15314.5  3.379483924e-17
15321.1  3.94771664e-17
15327.6  3.922039082e-17
15334.1  3.272052706e-17
15340.7  4.717966616e-17
15347.2  4.767057194e-17
15353.8  4.239087196e-17
15360.3  3.92737418e-17
15366.9  3.7620757e-17
15373.4  3.532052374e-17
15380.0  3.911675942e-17
15386.5  3.827171572e-17
15393.1  3.510775952e-17
15399.6  3.790299264e-17
15406.1  5.18809494e-17
15412.7  4.10041303e-17
15419.2  4.192427478e-17
15425.8  4.375560794e-17
15432.3  4.756834788e-17
15438.9  3.340270314e-17
15445.4  3.26937876e-17
15452.0  3.506464374e-17
15458.5  4.118925948e-17
15465.1  3.97771857e-17
15471.6  4.203622228e-17
15478.2  4.746164592e-17
15484.7  4.691777298e-17
15491.2  4.195075836e-17
15497.8  4.358480804e-17
15504.3  3.920171158e-17
15510.9  3.49391346e-17
15517.4  4.392717548e-17
15524.0  4.21197671e-17
15530.5  4.053804488e-17
15537.1  4.003255394e-17
15543.6  4.221648974e-17
15550.2  5.169748344e-17
15556.7  4.162707016e-17
15563.3  4.678842564e-17
15569.8  4.790495802e-17
15576.3  3.948381928e-17
15582.9  5.056777324e-17
15589.4  4.2949458e-17
15596.0  4.71663604e-17
15602.5  6.528663054e-17
15609.1  3.884296782e-17
15615.6  3.49090687e-17
15622.2  3.347204662e-17
15628.7  3.804948394e-17
15635.3  4.079609986e-17
15641.8  3.815912852e-17
15648.4  4.154557238e-17
15654.9  4.368779974e-17
15661.4  4.210159962e-17
15668.0  4.574635434e-17
15674.5  3.75452724e-17
15681.1  4.02895854e-17
15687.6  4.033909818e-17
15694.2  4.01047121e-17
15700.7  3.973202288e-17
15707.3  4.004048622e-17
15713.8  3.961969156e-17
15720.4  4.122431504e-17
15726.9  4.23954778e-17
15733.5  4.150846978e-17
15740.0  4.26590342e-17
15746.5  4.014283822e-17
15753.1  4.115228482e-17
15759.6  4.294126984e-17
15766.2  3.879831676e-17
15772.7  3.958936978e-17
15779.3  4.232677402e-17
15785.8  3.371219e-17
15792.4  3.448213292e-17
15798.9  4.245676106e-17
15805.5  4.207268518e-17
15812.0  4.003280982e-17
15818.6  4.357598018e-17
15825.1  4.797263828e-17
15831.6  4.630865064e-17
15838.2  3.96511648e-17
15844.7  2.994013498e-17
15851.3  3.459152162e-17
15857.8  4.263651676e-17
15864.4  2.740705092e-17
15870.9  3.390486764e-17
15877.5  3.73194583e-17
15884.0  4.006300366e-17
15890.6  4.235415318e-17
15897.1  4.17653733e-17
15903.7  3.49320979e-17
15910.2  3.98923317e-17
15916.7  3.818778708e-17
15923.3  3.977155634e-17
15929.8  3.784618728e-17
15936.4  4.135391826e-17
15942.9  3.889785408e-17
15949.5  3.816680492e-17
15956.0  3.809784526e-17
15962.6  4.024634168e-17
15969.1  3.873613792e-17
15975.7  3.638895068e-17
15982.2  3.44702345e-17
15988.7  3.355955758e-17
15995.3  3.365947872e-17
16001.8  3.504609244e-17
16008.4  3.578251508e-17
16014.9  3.57477154e-17
16021.5  3.604875822e-17
16028.0  4.070577422e-17
16034.6  3.551307344e-17
16041.1  2.913027478e-17
16047.7  4.483618918e-17
16054.2  4.145678202e-17
16060.8  3.242997532e-17
16067.3  3.342035886e-17
16073.8  3.549580154e-17
16080.4  3.418467242e-17
16086.9  2.892761782e-17
16093.5  3.020113258e-17
16100.0  3.021866036e-17
16106.6  3.238647572e-17
16113.1  3.863762412e-17
16119.7  3.267920244e-17
16126.2  2.86809495e-17
16132.8  3.66432954e-17
16139.3  3.848384024e-17
16145.9  3.330700402e-17
16152.4  3.290194598e-17
16158.9  3.256034618e-17
16165.5  3.000269764e-17
16172.0  3.466828562e-17
16178.6  3.344684244e-17
16185.1  3.291422822e-17
16191.7  3.52928887e-17
16198.2  3.508076418e-17
16204.8  3.665749674e-17
16211.3  3.323343852e-17
16217.9  2.989497216e-17
16224.4  3.694472204e-17
16231.0  4.060828394e-17
16237.5  3.358949554e-17
16244.0  2.539135622e-17
16250.6  3.043462308e-17
16257.1  3.743895426e-17
16263.7  3.296425276e-17
16270.2  3.33533183e-17
16276.8  3.719676384e-17
16283.3  3.543157566e-17
16289.9  3.145865484e-17
16296.4  2.941506922e-17
16303.0  2.970165482e-17
16309.5  3.240745788e-17
16316.1  3.272666818e-17
16322.6  3.391958074e-17
16329.1  3.385535486e-17
16335.7  3.188175242e-17
16342.2  3.081255784e-17
16348.8  2.640566454e-17
16355.3  2.848341014e-17
16361.9  3.171082458e-17
16368.4  3.13382633e-17
16375.0  2.948070244e-17
16381.5  3.018846652e-17
16388.1  3.170199672e-17
16394.6  2.762211806e-17
16401.2  2.939626204e-17
16407.7  3.339630614e-17
16414.2  3.368237998e-17
16420.8  3.145443282e-17
16427.3  3.320951374e-17
16433.9  2.767047938e-17
16440.4  2.635602382e-17
16447.0  3.570600696e-17
16453.5  3.562527682e-17
16460.1  3.206854482e-17
16466.6  3.268790236e-17
16473.2  3.353959894e-17
16479.7  2.474845772e-17
16486.3  3.117910594e-17
16492.8  3.713612028e-17
16499.3  3.618155994e-17
16505.9  2.9573331e-17
16512.4  2.305760268e-17
16519.0  2.983855062e-17
16525.5  3.15340115e-17
16532.1  2.970485332e-17
16538.6  2.031648818e-17
16545.2  2.789770082e-17
16551.7  2.897431592e-17
16558.3  3.333591846e-17
16564.8  2.952036384e-17
16571.3  2.61400611e-17
16577.9  2.712340794e-17
16584.4  2.849569238e-17
16591.0  2.719505434e-17
16597.5  3.105372474e-17
16604.1  2.954748712e-17
16610.6  2.811187238e-17
16617.2  2.762953858e-17
16623.7  2.568152414e-17
16630.3  2.801105566e-17
16636.8  2.823674182e-17
16643.4  2.985595046e-17
16649.9  2.690155998e-17
16656.4  2.686113094e-17
16663.0  2.784012782e-17
16669.5  2.751324112e-17
16676.1  2.903879768e-17
16682.6  3.567632488e-17
16689.2  4.176959532e-17
16695.7  2.20383047e-17
16702.3  2.390712428e-17
16708.8  2.975730872e-17
16715.4  2.004602302e-17
16721.9  2.989791478e-17
16728.5  2.223763522e-17
16735.0  2.455066248e-17
16741.5  2.685703686e-17
16748.1  2.652081054e-17
16754.6  2.070939192e-17
16761.2  2.690155998e-17
16767.7  3.285166556e-17
16774.3  2.84756058e-17
16780.8  2.76894145e-17
16787.4  2.645875964e-17
16793.9  2.786392466e-17
16800.5  2.780046642e-17
16807.0  2.844374874e-17
16813.6  2.61003997e-17
16820.1  2.694365224e-17
16826.6  2.785816736e-17
16833.2  2.559414112e-17
16839.7  2.847202348e-17
16846.3  2.889985484e-17
16852.8  2.946598934e-17
16859.4  3.402973708e-17
16865.9  2.586268718e-17
16872.5  2.440020504e-17
16879.0  2.96859182e-17
16885.6  2.891981348e-17
16892.1  2.500497742e-17
16898.7  3.191322566e-17
16905.2  2.897661884e-17
16911.7  2.090488424e-17
16918.3  3.970566724e-17
16924.8  2.543741462e-17
16931.4  2.803152606e-17
16937.9  2.858064454e-17
16944.5  2.927292788e-17
16951.0  2.970805182e-17
16957.6  2.876423844e-17
16964.1  2.675148636e-17
16970.7  2.93641491e-17
16977.2  2.17843438e-17
16983.8  2.153332552e-17
16990.3  3.168920272e-17
16996.8  2.780161788e-17
17003.4  2.662188314e-17
17009.9  2.004576714e-17
17016.5  2.741268028e-17
17023.0  3.421870446e-17
17029.6  2.698779154e-17
17036.1  2.86412881e-17
17042.7  2.433636298e-17
17049.2  2.289729386e-17
17055.8  2.484697152e-17
17062.3  2.980093626e-17
17068.9  1.959695362e-17
17075.4  2.884509652e-17
17081.9  3.433858424e-17
17088.5  2.560501602e-17
17095.0  2.332768402e-17
17101.6  2.974489854e-17
17108.1  2.60178784e-17
17114.7  3.051995906e-17
17121.2  2.936696378e-17
17127.8  2.290100412e-17
17134.3  2.04249813e-17
17140.9  3.756088108e-17
17147.4  2.536039474e-17
17153.9  2.201565932e-17
17160.5  2.916430682e-17
17167.0  2.457689018e-17
17173.6  2.111688082e-17
17180.1  2.50711224e-17
17186.7  2.708848032e-17
17193.2  2.380745902e-17
17199.8  2.135075514e-17
17206.3  2.354889228e-17
17212.9  3.265578942e-17
17219.4  2.935532124e-17
17226.0  2.645517732e-17
17232.5  2.802487318e-17
17239.0  3.112485938e-17
17245.6  2.359482274e-17
17252.1  3.042566728e-17
17258.7  2.770425554e-17
17265.2  2.319501024e-17
17271.8  2.534849632e-17
17278.3  2.821179352e-17
17284.9  2.471954328e-17
17291.4  2.20216725e-17
17298.0  1.878978016e-17
17304.5  2.342108022e-17
17311.1  2.18745415e-17
17317.6  2.472798732e-17
17324.1  2.336171606e-17
17330.7  2.378801214e-17
17337.2  2.36573854e-17
17343.8  2.010602688e-17
17350.3  2.207502348e-17
17356.9  2.37373479e-17
17363.4  2.12246063e-17
17370.0  2.512460132e-17
17376.5  2.613775818e-17
17383.1  2.259637898e-17
17389.6  1.960731676e-17
17396.2  2.929685266e-17
17402.7  2.363154152e-17
17409.2  1.974536402e-17
17415.8  1.940581126e-17
17422.3  1.850089164e-17
17428.9  2.326294638e-17
17435.4  2.886633456e-17
17442.0  2.218236514e-17
17448.5  2.198955956e-17
17455.1  2.005216414e-17
17461.6  1.479216692e-17
17468.2  2.020658772e-17
17474.7  2.651633264e-17
17481.3  2.000738514e-17
17487.8  1.882227692e-17
17494.3  2.00078969e-17
17500.9  2.301231192e-17
17507.4  2.196589066e-17
17514.0  2.455731536e-17
17520.5  2.41070945e-17
17527.1  2.259625104e-17
17533.6  2.132068924e-17
17540.2  1.94993354e-17
17546.7  2.01543882e-17
17553.3  1.97935974e-17
17559.8  1.90093252e-17
17566.4  1.749950526e-17
17572.9  1.992524766e-17
17579.4  1.904655574e-17
17586.0  1.722622542e-17
17592.5  1.887665142e-17
17599.1  1.900395172e-17
17605.6  1.610751806e-17
17612.2  1.732717008e-17
17618.7  1.837128842e-17
17625.3  1.768028448e-17
17631.8  1.603318492e-17
17638.4  1.263682571e-17
17644.9  2.136099034e-17
17651.5  2.911261906e-17
17658.0  1.48365621e-17
17664.5  1.337906962e-17
17671.1  1.930320338e-17
17677.6  2.111163528e-17
17684.2  2.07678605e-17
17690.7  1.57340612e-17
17697.3  1.451824738e-17
17703.8  1.629162372e-17
17710.4  1.845189062e-17
17716.9  1.50054429e-17
17723.5  1.404346204e-17
17730.0  1.62726886e-17
17736.6  1.52920285e-17
17743.1  1.433107116e-17
17749.6  1.305550936e-17
17756.2  1.391193972e-17
17762.7  1.322208724e-17
17769.3  1.311935142e-17
17775.8  1.340593702e-17
17782.4  1.342691918e-17
17788.9  1.407301618e-17
17795.5  1.413174064e-17
17802.0  1.347617608e-17
17808.6  1.2726869882e-17
17815.1  1.436804582e-17
17821.6  1.226074608e-17
17828.2  1.1241563246e-17
17834.7  1.1767511792e-17
17841.3  1.1093626224e-17
17847.8  1.1883847634e-17
17854.4  1.2248451046e-17
17860.9  1.1467940282e-17
17867.5  9.505660532e-18
17874.0  1.316937596e-17
17880.6  1.53329693e-17
17887.1  1.466742542e-17
17893.7  1.0468409032e-17
17900.2  7.279491738e-18
17906.7  1.0679241358e-17
17913.3  1.1785538538e-17
17919.8  1.1224380904e-17
17926.4  1.139823857e-17
17932.9  1.0595427864e-17
17939.5  1.0556303812e-17
17946.0  9.578125748e-18
17952.6  1.0299208382e-17
17959.1  1.1569511848e-17
17965.7  1.2014870988e-17
17972.2  1.44853668e-17
17978.8  1.112342345e-17
17985.3  6.044358978e-18
17991.8  1.1048425022e-17
17998.4  1.262844564e-17
18004.9  -1.833751226e-20
18011.5  2.201041378e-18
18018.0  -7.86856588e-18
18024.6  0.0
