5601.1636  -1.69092e-19
5603.3574  4.22631e-18
5605.5508  8.95422e-18
5607.7446  6.17319e-18
5609.938  6.32918e-18
5612.1313  -6.19971e-18
5614.3242  -4.23614e-18
5616.5176  -5.41276e-18
5618.7104  -6.18709e-18
5620.9038  -4.12688e-18
5623.0962  5.91755e-18
5625.2891  -1.49731e-18
5627.4819  3.80013e-18
5629.6743  -5.51692e-18
5631.8672  -4.70588e-18
5634.0596  6.65716e-18
5636.2515  3.53127e-18
5638.4438  -6.69788e-18
5640.6362  5.02972e-18
5642.8281  -8.84951e-18
5645.02  5.74775e-19
5647.2119  -2.07198e-18
5649.4038  -7.44745e-19
5651.5952  4.53634e-19
5653.7866  1.01906e-17
5655.9785  -2.82711e-18
5658.1694  -1.89952e-18
5660.3608  1.06181e-18
5661.1938  -4.29616e-18
5662.3398  8.86095e-18
5663.4858  -1.11115e-17
5664.6318  -1.60412e-17
5665.7778  -3.50434e-18
5666.9238  -7.99976e-18
5668.0698  2.74925e-18
5669.2158  -3.42e-18
5670.3623  -3.01628e-18
5671.5083  -8.83248e-19
5672.6548  2.04683e-18
5673.8008  -5.2124e-18
5674.9473  -1.25855e-18
5676.0938  2.19001e-18
5677.2402  1.23661e-19
5678.3867  -6.08736e-18
5679.5332  -2.33186e-18
5680.6797  2.83591e-18
5681.8262  2.44435e-18
5682.9727  -6.9797e-19
5684.1196  -8.24837e-18
5685.2661  3.87515e-18
5686.4131  6.69111e-19
5687.5596  -5.18715e-19
5688.7065  4.51438e-19
5689.8535  -6.93483e-18
5691.0  -1.20409e-17
5692.147  1.84224e-17
5693.2939  -1.62371e-17
5694.4409  -6.85422e-18
5695.5879  -2.75794e-18
5696.7354  -3.49345e-18
5697.8823  -5.79786e-18
5699.0293  4.84321e-18
5700.1768  -1.37697e-17
5701.3237  1.42693e-18
5702.4712  -9.96648e-18
5703.6187  -2.58762e-18
5704.7656  -6.08215e-18
5705.9131  -6.47106e-18
5707.0605  4.38356e-18
5708.208  -1.13712e-17
5709.3555  3.67033e-18
5710.5034  -1.02095e-17
5711.6509  -1.81763e-18
5712.7983  -1.24177e-18
5713.9458  -9.37464e-18
5715.0938  -1.20187e-17
5716.2417  -1.11325e-17
5717.3892  -5.58389e-18
5718.5371  -3.73471e-18
5719.6851  -1.88878e-18
5720.833  9.97897e-19
5721.9805  -1.38062e-18
5723.1289  9.06773e-18
5724.2769  -1.46937e-17
5725.4248  -1.03644e-17
5726.5728  2.72205e-18
5727.7212  -6.61345e-18
5728.8691  2.36736e-18
5730.0171  2.87881e-18
5731.1655  -9.38535e-18
5732.314  -3.53389e-19
5733.4624  -1.20123e-18
5734.6104  -1.29863e-18
5735.7588  -9.67e-18
5736.9072  -5.43653e-19
5738.0557  4.75587e-18
5739.2041  1.37899e-18
5740.353  -7.49696e-18
5741.5015  8.02701e-19
5742.6499  -1.07612e-17
5743.7988  -8.04866e-18
5744.9473  -1.5959e-18
5746.0962  -3.36634e-18
5747.2451  -7.24131e-18
5748.394  -2.91872e-18
5749.5425  2.00547e-18
5750.6914  -5.57342e-18
5751.8403  -3.04741e-18
5752.9893  -6.45916e-18
5754.1387  -9.05295e-18
5755.2876  5.16734e-18
5756.4365  -2.55027e-18
5757.5859  -2.98094e-18
5758.7349  6.54134e-18
5759.8843  1.76157e-18
5761.0332  3.00067e-18
5762.1826  3.83262e-19
5763.332  -6.70504e-18
5764.4814  -2.67536e-18
5765.6309  -7.37593e-18
5766.7803  -2.73862e-18
5767.9297  -7.23197e-18
5769.0791  -3.38819e-18
5770.2285  -3.84917e-18
5771.3784  -2.50315e-18
5772.5278  4.57205e-18
5773.6777  -6.40105e-18
5774.8271  -1.1014e-17
5775.9771  2.2868e-18
5777.1265  -8.7558e-18
5778.2764  -7.34937e-18
5779.4263  -6.42186e-18
5780.5762  1.8685e-18
5781.7261  -6.80958e-18
5782.876  4.91211e-18
5784.0264  -2.06513e-18
5785.1763  -4.59735e-18
5786.3262  -5.69076e-18
5787.4766  1.50254e-19
5788.6265  -7.94901e-18
5789.7769  -4.78249e-18
5790.9272  -9.36335e-18
5792.0771  4.53848e-18
5793.2275  1.36794e-18
5794.3779  -4.89291e-18
5795.5283  8.0669e-18
5796.6787  7.75161e-18
5797.8291  -1.75196e-18
5798.98  -4.13257e-18
5800.1304  5.20182e-18
5801.2808  -3.89101e-18
5802.4316  -1.21481e-17
5803.582  -6.88949e-18
5804.7329  -1.08018e-17
5805.8838  -4.26847e-18
5807.0342  4.44546e-18
5808.1851  3.73862e-18
5809.3359  -6.07612e-18
5810.4868  -2.64191e-18
5811.6377  -2.03105e-18
5812.7891  -7.3383e-18
5813.9399  -5.49699e-19
5815.0908  -6.57489e-18
5816.2422  1.09835e-18
5817.3931  -1.29187e-17
5818.5444  -6.43644e-18
5819.6953  1.80392e-18
5820.8467  -7.67033e-19
5821.998  2.24934e-18
5823.1494  -3.97748e-18
5824.3008  -1.77723e-18
5825.4521  -3.39381e-18
5826.6035  2.5669e-18
5827.7549  3.35319e-18
5828.9062  5.48605e-18
5830.0581  -4.06165e-18
5831.2095  5.72546e-18
5832.3613  4.13003e-19
5833.5127  -9.58414e-18
5834.6646  -6.87212e-19
5835.8164  -4.9878e-18
5836.9678  -3.72819e-18
5838.1196  -9.05035e-19
5839.2715  9.23465e-19
5840.4233  -3.7597e-18
5841.5752  -8.32991e-18
5842.7275  -1.98788e-17
5843.8794  8.04891e-20
5845.0312  -1.0347e-17
5846.1836  2.18709e-18
5847.3354  8.43869e-19
5848.4878  -2.3184e-18
5849.6401  -2.94035e-18
5850.792  -6.05761e-18
5851.9443  -3.39873e-18
5853.0967  -6.56008e-18
5854.249  -2.92889e-19
5855.4014  -4.01178e-18
5856.5537  -7.87187e-18
5857.7065  -4.65901e-18
5858.8589  -1.07742e-17
5860.0112  -5.37492e-18
5861.1641  -7.12646e-18
5862.3164  6.76769e-18
5863.4692  -5.3383e-18
5864.6216  -4.22323e-18
5865.7744  -1.54006e-18
5866.9272  1.25508e-18
5868.0801  5.58863e-18
5869.2329  1.03655e-18
5870.3857  -4.82055e-18
5871.5386  3.06163e-18
5872.6919  -6.92327e-18
5873.8447  -3.99376e-18
5874.9976  -7.80027e-18
5876.1509  -1.06907e-17
5877.3037  -7.38819e-18
5878.457  -3.23582e-18
5879.6104  2.73822e-18
5880.7632  3.3354e-18
5881.9165  -9.84564e-18
5883.0698  -9.03304e-18
5884.2231  -7.87527e-18
5885.3765  1.34104e-18
5886.5298  -5.13865e-18
5887.6836  -4.13824e-18
5888.8369  -1.53262e-17
5889.9902  -7.51723e-18
5891.144  -1.00961e-17
5892.2974  -9.81572e-18
5893.4512  2.27278e-18
5894.605  -6.28257e-18
5895.7588  2.99204e-18
5896.9121  -7.22591e-18
5898.0659  -7.02409e-18
5899.2197  -8.64132e-18
5900.374  -1.18332e-17
5901.5278  -1.75047e-18
5902.6816  2.69967e-18
5903.8354  -1.38723e-18
5904.9897  -7.34159e-18
5906.1436  1.46293e-18
5907.2979  -9.29873e-18
5908.4517  -8.10293e-18
5909.606  -5.12356e-18
5910.7603  -1.6467e-18
5911.9146  -4.68478e-18
5913.0688  -5.09349e-18
5914.2231  -7.70242e-18
5915.3774  3.75459e-18
5916.5317  -3.50673e-19
5917.686  -1.64482e-18
5918.8408  -6.06763e-19
5919.9951  3.54142e-18
5921.1499  -5.16208e-19
5922.3042  -7.11627e-19
5923.459  2.65265e-18
5924.6133  -7.3862e-18
5925.7681  -5.17997e-18
5926.9229  -3.60036e-18
5928.0776  2.6876e-18
5929.2324  -3.77431e-18
5930.3872  -4.19727e-18
5931.542  3.19565e-18
5932.6973  6.98886e-18
5933.8521  -5.02834e-18
5935.0073  -4.13347e-18
5936.1621  -2.14592e-18
5937.3174  1.75566e-18
5938.4722  -1.93264e-18
5939.6274  6.23785e-19
5940.7827  -1.94611e-18
5941.938  -5.45949e-18
5943.0928  -7.27867e-18
5944.2485  -5.95981e-18
5945.4038  -2.08296e-18
5946.5591  -2.46035e-18
5947.7144  -2.06613e-18
5948.8701  -1.20873e-17
5950.0254  4.40759e-18
5951.1807  -9.99428e-18
5952.3364  -5.93827e-18
5953.4922  -8.35132e-18
5954.6475  -9.59531e-19
5955.8032  -3.76592e-18
5956.959  4.52115e-18
5958.1147  2.0343e-18
5959.2705  -2.82376e-18
5960.4263  4.94465e-18
5961.582  -5.83837e-18
5962.7383  1.37973e-18
5963.894  1.24606e-19
5965.0498  4.30585e-18
5966.2061  -3.30394e-18
5967.3618  2.72341e-19
5968.5181  2.54721e-18
5969.6743  -3.67283e-18
5970.8306  -4.68027e-18
5971.9868  -7.05455e-18
5973.1426  1.66873e-18
5974.2993  2.57295e-18
5975.4556  -1.21035e-17
5976.6118  -5.23011e-18
5977.7681  -7.29894e-18
5978.9243  -3.3766e-18
5980.0811  -1.02038e-17
5981.2373  -1.03161e-17
5982.394  -5.78108e-18
5983.5508  2.00839e-18
5984.707  3.42717e-18
5985.8638  5.48444e-19
5987.0205  -8.38075e-18
5988.1772  -4.06397e-18
5989.334  -8.25526e-18
5990.4907  -7.43934e-18
5991.6475  -6.13293e-18
5992.8047  1.43628e-18
5993.9614  7.75346e-19
5995.1182  3.55136e-18
5996.2754  -3.24408e-18
5997.4321  -8.30771e-18
5998.5894  -1.02161e-17
5999.7466  3.8515e-18
6000.9038  4.32641e-18
6002.0605  -3.38245e-18
6003.2178  -2.18911e-18
6004.375  -6.28944e-18
6005.5322  2.02917e-19
6006.6899  2.47e-18
6007.8472  -4.52997e-19
6009.0044  -2.08302e-18
6010.1621  -3.90956e-18
6011.3193  -3.69799e-19
6012.4771  -1.09816e-17
6013.6343  -3.86591e-18
6014.792  -1.78626e-18
6015.9497  2.94616e-18
6017.1074  1.32926e-18
6018.2651  3.39275e-18
6019.4229  2.72793e-18
6020.5806  1.64364e-18
6021.7383  -4.5304e-19
6022.896  -7.38455e-18
6024.0537  -2.80704e-18
6025.2119  -3.4104e-18
6026.3696  -1.19337e-17
6027.5278  3.03167e-18
6028.686  -1.71616e-18
6029.8438  -6.41104e-18
6031.002  -1.62388e-18
6032.1602  -4.03948e-18
6033.3184  -8.66554e-18
6034.4766  -9.5175e-19
6035.6348  -1.04101e-17
6036.793  -2.65722e-18
6037.9512  6.34016e-18
6039.1099  -6.94004e-18
6040.2681  -1.03596e-17
6041.4263  -5.25291e-18
6042.585  -4.11436e-18
6043.7437  -2.7035e-18
6044.9019  -8.21678e-18
6046.0605  -7.02054e-18
6047.2192  -1.11326e-17
6048.3779  -3.26694e-18
6049.5366  -6.51224e-18
6050.6953  -1.27796e-18
6051.854  -4.36303e-18
6053.0127  -1.01814e-17
6054.1719  -1.48674e-18
6055.3306  -8.55287e-19
6056.4893  -4.25605e-18
6057.6484  -5.53857e-18
6058.8076  -2.42793e-18
6059.9663  5.86455e-18
6061.1255  -2.29659e-18
6062.2847  -1.48451e-18
6063.4438  -6.55775e-18
6064.603  -2.77069e-18
6065.7622  -1.83753e-18
6066.9214  -6.56085e-18
6068.0806  4.47283e-18
6069.2402  -2.97792e-18
6070.3994  1.04421e-18
6071.5586  -2.46694e-18
6072.7183  -5.42048e-18
6073.8774  3.93836e-18
6075.0371  -6.38665e-18
6076.1968  -2.73237e-18
6077.356  -4.04674e-18
6078.5156  -2.1737e-18
6079.6753  -6.94817e-18
6080.835  -2.30574e-18
6081.9951  -5.83762e-18
6083.1548  -1.18395e-17
6084.3145  -7.57509e-18
6085.4741  -2.66442e-18
6086.6343  -8.50826e-19
6087.7939  -1.47611e-19
6088.9541  -7.93874e-18
6090.1138  -8.96401e-18
6091.2739  1.50753e-18
6092.4341  -2.04087e-18
6093.5942  -1.722e-18
6094.7544  2.07622e-18
6095.9146  -2.07744e-18
6097.0747  -3.54041e-18
6098.2349  1.03088e-18
6099.395  3.80658e-18
6100.5557  -7.52053e-18
6101.7158  2.39989e-19
6102.8765  1.62864e-18
6104.0366  -7.72126e-18
6105.1973  -1.81489e-18
6106.3579  -3.92761e-18
6107.5181  -6.38083e-18
6108.6787  -2.99997e-18
6109.8394  -5.20862e-19
6111.0  -7.60788e-18
6112.1606  1.09202e-18
6113.3213  -7.414e-19
6114.4824  6.37349e-18
6115.6431  3.00949e-18
6116.8037  -1.93886e-18
6117.9648  2.18119e-18
6119.1255  -9.20221e-18
6120.2866  -2.28875e-18
6121.4473  -2.64742e-18
6122.6084  -5.63756e-18
6123.7695  8.32837e-19
6124.9307  3.76216e-18
6126.0918  -2.53939e-18
6127.2529  -1.81718e-18
6128.4141  -8.20607e-18
6129.5752  2.19713e-18
6130.7368  4.73584e-18
6131.8979  -9.12645e-18
6133.0591  -4.03576e-18
6134.2207  -7.65501e-18
6135.3818  -7.12091e-18
6136.5435  1.15432e-18
6137.7051  -6.50359e-18
6138.8667  -1.25628e-17
6140.0283  1.02236e-18
6141.1899  2.92933e-18
6142.3511  -3.70708e-18
6143.5132  -1.36671e-17
6144.6748  -2.34841e-18
6145.8364  -8.17706e-18
6146.998  -2.55938e-18
6148.1602  4.73524e-18
6149.3218  -1.00945e-18
6150.4839  8.63848e-19
6151.6455  -3.67812e-18
6152.8076  -1.04086e-17
6153.9697  7.26067e-18
6155.1318  -8.92424e-18
6156.2939  -1.30962e-18
6157.4561  2.92277e-19
6158.6182  -4.66341e-18
6159.7803  -7.61146e-18
6160.9424  3.77682e-18
6162.1045  -1.28128e-18
6163.2671  -3.2464e-18
6164.4292  3.34093e-18
6165.5918  8.20606e-19
6166.7539  -3.14685e-18
6167.9165  3.46283e-18
6169.0791  -3.6481e-18
6170.2412  -2.07219e-18
6171.4038  -1.06159e-17
6172.5664  -1.03708e-17
6173.729  -7.52705e-19
6174.8916  -5.0986e-19
6176.0547  -2.1978e-18
6177.2173  -4.47169e-19
6178.3799  1.98368e-18
6179.543  -1.16175e-17
6180.7056  4.14171e-18
6181.8687  -3.69433e-18
6183.0312  6.59517e-20
6184.1943  -2.54574e-18
6185.3574  -1.8437e-18
6186.5205  -2.77191e-18
6187.6836  -5.51299e-18
6188.8467  -7.9745e-18
6190.0098  2.00777e-18
6191.1729  -2.46882e-18
6192.3359  -9.8575e-19
6193.499  -3.78601e-18
6194.6626  -6.85549e-18
6195.8257  -3.71104e-18
6196.9893  -4.84905e-18
6198.1523  1.53047e-18
6199.3159  -1.88613e-18
6200.4795  2.61142e-18
6201.6431  -3.94488e-18
6202.8066  -1.70855e-17
6203.9697  -1.02533e-17
6205.1333  -2.7252e-18
6206.2974  2.8315e-18
6207.4609  -2.46676e-18
6208.6245  -1.57462e-17
6209.7881  4.39628e-18
6210.9521  -6.86064e-18
6212.1157  -1.49921e-18
6213.2798  -4.11332e-18
6214.4434  4.30943e-18
6215.6074  -9.90828e-19
6216.7715  -6.47487e-18
6217.9355  -5.42179e-19
6219.0996  5.43035e-18
6220.2637  -8.30528e-18
6221.4277  -2.85984e-18
6222.5918  2.72804e-18
6223.7559  -7.96611e-18
6224.9204  -5.45359e-19
6226.0845  5.41724e-19
6227.2485  -2.71996e-18
6228.4131  -5.11174e-18
6229.5771  -2.01796e-18
6230.7417  -1.93485e-18
6231.9062  -3.80484e-18
6233.0708  -7.00257e-18
6234.2349  -3.0713e-18
6235.3994  3.01316e-18
6236.564  -3.58775e-19
6237.729  5.05724e-18
6238.8936  -4.44654e-18
6240.0581  -5.86593e-18
6241.2227  2.38944e-18
6242.3877  -1.30874e-18
6243.5522  3.05136e-18
6244.7173  7.7224e-18
6245.8818  4.76818e-18
6247.0469  2.23701e-18
6248.2119  5.69325e-18
6249.377  8.57448e-19
6250.542  -7.59818e-19
6251.707  1.4194e-18
6252.8721  5.97929e-18
6254.0371  -1.04764e-18
6255.2021  4.1723e-18
6256.3672  -1.84686e-18
6257.5327  1.53262e-18
6258.6978  -3.19846e-18
6259.8628  7.23006e-19
6261.0283  2.69169e-19
6262.1938  9.12768e-19
6263.3589  -4.60683e-18
6264.5244  3.41831e-19
6265.6899  6.93562e-18
6266.8555  -8.18391e-18
6268.021  1.11492e-18
6269.1865  -8.20139e-18
6270.3521  3.92921e-18
6271.5176  2.00938e-18
6272.6836  9.26242e-19
6273.8491  -1.04702e-18
6275.0151  -2.15847e-18
6276.1807  -3.34004e-18
6277.3467  -1.26217e-17
6278.5122  -3.92328e-18
6279.6782  -1.37071e-18
6280.8442  -1.13993e-17
6282.0103  3.11042e-18
6283.1763  -1.15365e-18
6284.3423  -1.01736e-19
6285.5083  -7.2005e-18
6286.6743  -1.6909e-18
6287.8403  2.38702e-18
6289.0068  2.56777e-18
6290.1729  -5.31467e-18
6291.3389  -2.76494e-18
6292.5054  -7.47599e-18
6293.6714  8.0126e-18
6294.8379  -1.41721e-17
6296.0044  -7.89949e-18
6297.1709  -2.83099e-17
6298.3374  -4.60549e-18
6299.5039  -3.02674e-17
6300.6704  -2.36303e-17
6301.8369  2.31424e-18
6303.0034  -8.30519e-18
6304.1699  7.84001e-18
6305.3369  -6.002e-18
6306.5034  -1.70682e-18
6307.6699  3.87998e-18
6308.8369  -2.60337e-18
6310.0039  6.48441e-19
6311.1704  5.68865e-18
6312.3374  -1.632e-19
6313.5044  -2.7248e-18
6314.6714  2.50682e-18
6315.8384  -1.45406e-18
6317.0054  2.64042e-18
6318.1724  2.01966e-18
6319.3394  -8.15568e-18
6320.5068  -3.1231e-19
6321.6738  -2.3911e-18
6322.8408  -8.0188e-18
6324.0083  -1.96322e-18
6325.1753  -6.75184e-18
6326.3428  -2.54862e-18
6327.5098  -6.66219e-18
6328.6772  -3.14163e-18
6329.8447  3.31851e-18
6331.0122  -2.47225e-18
6332.1797  -2.10422e-18
6333.3472  -7.75936e-18
6334.5146  -8.89758e-18
6335.6826  -6.01507e-18
6336.8501  -8.21004e-18
6338.0176  -8.29672e-18
6339.1851  -2.61064e-18
6340.353  1.12015e-18
6341.521  -4.06319e-18
6342.6885  -4.90239e-18
6343.8564  1.30082e-18
6345.0244  -2.69159e-18
6346.1924  -2.66174e-18
6347.3599  -4.02213e-18
6348.5283  -4.61817e-18
6349.6963  6.17125e-18
6350.8643  1.31212e-18
6352.0322  -9.17606e-19
6353.2002  -5.4969e-19
6354.3682  -4.61151e-18
6355.5366  -3.9624e-18
6356.7046  -1.89294e-18
6357.873  -1.11791e-17
6359.0415  -7.38111e-18
6360.2095  -1.17552e-17
6361.3779  -1.30991e-17
6362.5464  -1.23677e-17
6363.7148  3.08419e-18
6364.8833  -2.16012e-17
6366.0518  -4.70718e-18
6367.2202  -1.03367e-17
6368.3887  1.64975e-18
6369.5576  -7.89546e-19
6370.7261  -5.10887e-18
6371.8945  -8.38226e-18
6373.0635  -2.36358e-18
6374.2319  -7.71059e-18
6375.4009  -5.08196e-18
6376.5698  -1.24559e-17
6377.7388  -4.05739e-18
6378.9072  -2.95238e-18
6380.0762  -4.67425e-18
6381.2451  -8.07681e-18
6382.4141  1.33296e-18
6383.5835  -7.23821e-18
6384.7524  -6.36773e-18
6385.9214  -4.22071e-18
6387.0903  -5.60582e-18
6388.2598  -1.11769e-17
6389.4287  1.52344e-18
6390.5981  -5.54573e-18
6391.7671  -5.00087e-18
6392.9365  1.52952e-18
6394.106  -2.39187e-18
6395.2754  -4.14587e-18
6396.4448  -6.31045e-18
6397.6143  -6.40605e-18
6398.7837  -5.4547e-18
6399.9531  -2.26347e-18
6401.1226  -2.59148e-18
6402.292  1.29178e-18
6403.4619  -2.19135e-18
6404.6313  -6.3017e-18
6405.8008  -7.35151e-18
6406.9707  -9.82253e-18
6408.1406  -4.46616e-18
6409.3101  -4.33835e-18
6410.48  -1.47951e-18
6411.6499  -6.30419e-18
6412.8198  7.082e-19
6413.9897  -9.29271e-18
6415.1597  -4.72208e-18
6416.3296  -2.43393e-19
6417.4995  -8.6991e-18
6418.6694  -1.95611e-18
6419.8398  8.12039e-18
6421.0098  -4.2806e-18
6422.1802  -3.31994e-18
6423.3501  -2.59169e-19
6424.5205  9.32299e-18
6425.6904  -2.67196e-18
6426.8608  -7.25323e-18
6428.0312  5.55787e-19
6429.2017  -1.98121e-18
6430.3721  -5.29244e-18
6431.5425  -6.81397e-18
6432.7129  -4.21668e-18
6433.8833  -5.22693e-18
6435.0537  -4.08042e-18
6436.2246  1.37594e-19
6437.395  -5.64638e-18
6438.5654  -1.14072e-17
6439.7363  -5.13253e-18
6440.9072  4.22783e-18
6442.0776  -4.15156e-19
6443.2485  8.59563e-19
6444.4194  -2.19747e-18
6445.5903  -1.63166e-18
6446.7612  9.71183e-19
6447.9321  -8.43719e-18
6449.103  2.03334e-18
6450.2739  1.10485e-19
6451.4448  -9.26844e-19
6452.6157  1.01979e-18
6453.7871  7.82482e-19
6454.958  -1.74125e-18
6456.1289  -6.64522e-18
6457.3003  -4.6991e-19
6458.4717  -2.37206e-18
6459.6426  -1.52037e-18
6460.814  -4.27611e-18
6461.9854  3.17178e-18
6463.1567  -9.65321e-18
6464.3281  3.04066e-18
6465.4995  -5.66567e-18
6466.6709  -1.13292e-17
6467.8423  -8.11437e-18
6469.0137  -1.11422e-17
6470.1855  5.5297e-19
6471.3569  -3.74449e-18
6472.5288  -2.38426e-18
6473.7002  -9.01782e-18
6474.8721  1.16633e-18
6476.0435  -2.32923e-18
6477.2153  9.61078e-19
6478.3872  -2.15164e-18
6479.5591  -4.90311e-18
6480.731  -1.49916e-18
6481.9028  -3.25327e-18
6483.0747  2.99689e-18
6484.2466  -2.44492e-18
6485.4185  -8.17061e-18
6486.5908  3.36114e-18
6487.7627  3.40569e-18
6488.9346  -1.01152e-18
6490.1069  3.28564e-18
6491.2788  -1.57302e-18
6492.4512  5.47991e-18
6493.6235  1.81194e-19
6494.7959  -1.74193e-18
6495.9678  1.08745e-18
6497.1401  -3.92304e-18
6498.3125  -7.0415e-18
6499.4849  -4.19474e-18
6500.6572  -1.23926e-17
6501.8301  4.46477e-19
6503.0024  -7.06501e-18
6504.1748  -7.35371e-19
6505.3472  5.34848e-18
6506.52  1.75198e-18
6507.6929  -4.57613e-18
6508.8652  2.1447e-18
6510.0381  -7.3473e-18
6511.2109  -1.09481e-17
6512.3833  -2.63521e-19
6513.5562  -3.14694e-18
6514.729  -2.64412e-18
6515.9019  -4.74294e-18
6517.0747  -6.05785e-18
6518.2476  -2.63299e-18
6519.4209  -1.85537e-18
6520.5938  -5.20862e-19
6521.7666  -3.30463e-19
6522.9399  -4.95575e-19
6524.1128  8.10094e-18
6525.2861  -6.3861e-18
6526.459  1.82651e-18
6527.6323  -4.23528e-18
6528.8057  -9.87179e-18
6529.979  2.37396e-18
6531.1523  -6.03015e-19
6532.3252  -8.26908e-19
6533.499  1.75688e-18
6534.6724  -7.45141e-18
6535.8457  5.52874e-18
6537.019  4.73468e-18
6538.1924  -4.0223e-18
6539.3662  -1.37445e-17
6540.5396  -7.94843e-18
6541.7134  5.73129e-18
6542.8867  -5.76905e-18
6544.0605  4.05627e-18
6545.2339  -6.21722e-20
6546.4077  -3.06327e-18
6547.5815  -1.4944e-18
6548.7554  -9.83649e-18
6549.9292  2.75338e-18
6551.103  -6.92306e-18
6552.2769  1.28591e-17
6553.4507  5.01716e-18
6554.625  5.16072e-18
6555.7988  -7.75683e-18
6556.9727  5.58936e-19
6558.147  1.96151e-18
6559.3208  -8.2113e-19
6560.4951  -8.34541e-18
6561.6694  -3.87169e-18
6562.8433  -1.28254e-18
6564.0176  -3.99585e-18
6565.1919  3.69351e-19
6566.3662  -9.25513e-18
6567.5405  -6.4256e-19
6568.7148  2.35219e-18
6569.8892  5.13112e-18
6571.0635  1.36199e-17
6572.2378  -5.5697e-18
6573.4126  5.59054e-19
6574.5869  2.85131e-18
6575.7617  -5.30372e-18
6576.936  2.15629e-18
6578.1108  -9.08112e-18
6579.2852  -3.15515e-18
6580.46  -1.90019e-18
6581.6348  3.40742e-18
6582.8096  -6.1629e-18
6583.9844  -9.34682e-18
6585.1592  -3.5556e-18
6586.334  -1.0857e-18
6587.5088  -1.56658e-18
6588.6836  -3.26807e-18
6589.8584  -7.83702e-18
6591.0337  2.37496e-18
6592.2085  -1.13273e-17
6593.3838  -8.40843e-19
6594.5586  -2.38823e-18
6595.7339  5.73468e-19
6596.9087  4.31689e-18
6598.084  -5.71112e-19
6599.2593  3.64459e-18
6600.4346  -1.67118e-18
6601.6099  -6.81136e-18
6602.7852  -1.91166e-18
6603.9604  -8.4309e-18
6605.1357  -4.67928e-18
6606.311  -8.36246e-18
6607.4863  6.1313e-19
6608.6621  -5.42709e-18
6609.8374  6.48956e-18
6611.0127  -6.23797e-18
6612.1885  -9.9684e-18
6613.3643  2.73758e-18
6614.5396  -5.66264e-19
6615.7153  -4.88637e-18
6616.8911  -1.23369e-17
6618.0669  1.05962e-18
6619.2427  1.91009e-18
6620.418  -2.84748e-18
6621.5942  -1.51456e-18
6622.77  -1.60696e-18
6623.9458  1.64897e-18
6625.1216  -6.64969e-18
6626.2974  -7.82553e-18
6627.4736  -5.07834e-18
6628.6494  -4.7878e-18
6629.8257  -2.85865e-19
6631.0015  -6.85253e-18
6632.1777  -3.62352e-18
6633.354  6.33595e-18
6634.5298  3.94396e-18
6635.7061  4.24727e-18
6636.8823  -2.16194e-18
6638.0586  -3.89314e-18
6639.2349  -5.17515e-18
6640.4111  6.86322e-18
6641.5879  -2.18476e-18
6642.7642  -3.03487e-19
6643.9404  -1.09173e-17
6645.1167  -2.47934e-18
6646.2935  2.25187e-18
6647.4697  -1.45791e-17
6648.6465  -5.92718e-20
6649.8232  1.05104e-17
6650.9995  -5.98497e-18
6652.1763  3.3287e-18
6653.353  -2.06457e-17
6654.5298  4.49602e-18
6655.7065  5.04432e-18
6656.8833  -3.95696e-18
6658.0601  -1.18361e-17
6659.2368  -2.61622e-18
6660.4136  2.57917e-18
6661.5908  -4.02622e-18
6662.7676  -2.13929e-18
6663.9443  -8.39205e-18
6665.1216  -5.6261e-18
6666.2983  5.65946e-18
6667.4756  -3.10602e-18
6668.6528  -5.86756e-18
6669.8296  -6.61264e-19
6671.0068  -3.86339e-18
6672.1841  -1.00152e-18
6673.3613  3.48422e-18
6674.5386  5.90956e-18
6675.7158  -2.22313e-18
6676.8931  9.03305e-18
6678.0703  1.32588e-18
6679.2476  9.78466e-18
6680.4253  1.4515e-17
6681.6025  -1.19416e-18
6682.7803  -9.04425e-18
6683.9575  -3.18894e-18
6685.1353  -2.42154e-18
6686.3125  6.1112e-18
6687.4902  1.74622e-19
6688.668  2.2006e-19
6689.8457  -9.99181e-19
6691.0234  -1.25088e-20
6692.2007  2.95832e-18
6693.3789  5.30727e-18
6694.5566  8.29868e-18
6695.7344  2.86247e-19
6696.9121  -5.94098e-18
6698.0898  -1.4225e-17
6699.2681  -1.42981e-17
6700.4458  -3.18447e-18
6701.624  -2.92514e-18
6702.8018  6.75861e-19
6703.98  -9.67865e-19
6705.1577  -2.7768e-18
6706.3359  4.14581e-18
6707.5142  -4.46602e-18
6708.6924  1.48448e-18
6709.8706  -3.11177e-18
6711.0488  -4.96049e-18
6712.2271  4.39498e-18
6713.4053  -2.68025e-18
6714.5835  -2.95488e-19
6715.7617  5.90228e-18
6716.9404  4.16681e-18
6718.1187  8.64452e-19
6719.2969  -9.14809e-19
6720.4756  -8.35871e-18
6721.6538  -3.28942e-18
6722.8325  4.17424e-20
6724.0112  -4.52934e-18
6725.1895  1.34738e-18
6726.3682  -1.82648e-18
6727.5469  -1.01958e-17
6728.7256  1.04426e-18
6729.9043  -3.76495e-18
6731.083  1.4223e-18
6732.2617  5.94548e-19
6733.4404  7.03578e-19
6734.6196  -6.71103e-18
6735.7983  -6.49858e-18
6736.9771  -2.16469e-18
6738.1562  -1.37938e-18
6739.335  -1.4916e-18
6740.5142  -1.20312e-17
6741.6929  -2.17706e-19
6742.8721  3.44283e-19
6744.0513  2.95824e-19
6745.2305  -9.80114e-18
6746.4097  -6.67033e-18
6747.5884  9.0386e-19
6748.7681  -9.95536e-19
6749.9473  -5.51427e-18
6751.1265  -5.30321e-18
6752.3057  -2.58391e-18
6753.4849  8.71183e-18
6754.6641  1.95622e-18
6755.8438  -8.21972e-18
6757.0229  9.42925e-18
6758.2026  -4.06684e-19
6759.3823  -3.09175e-18
6760.5615  2.61593e-18
6761.7412  2.40492e-18
6762.9209  2.00641e-17
6764.1001  -5.73303e-18
6765.2798  -7.28112e-19
6766.4595  1.95627e-19
6767.6392  9.15322e-18
6768.8188  5.62221e-18
6769.9985  7.06413e-19
6771.1787  -5.12251e-18
6772.3584  -6.30963e-18
6773.5381  5.2138e-18
6774.7183  -8.18872e-18
6775.8979  4.24555e-18
6777.0781  1.93975e-18
6778.2578  -7.28207e-18
6779.438  3.3224e-18
6780.6177  4.60886e-18
6781.7979  -6.05376e-18
6782.978  4.89113e-18
6784.1582  -3.32648e-18
6785.3384  -5.58542e-18
6786.5186  4.91451e-18
6787.6987  -4.22465e-18
6788.8789  -4.48435e-18
6790.0591  -1.06101e-17
6791.2393  -1.1029e-17
6792.4199  -7.28745e-18
6793.6001  -4.89938e-18
6794.7803  -4.48221e-18
6795.9609  4.49292e-18
6797.1416  6.30145e-18
6798.3218  -2.16451e-18
6799.5024  -1.90899e-18
6800.6831  2.46871e-18
6801.8633  -2.97596e-18
6803.0439  2.49767e-18
6804.2246  -5.10914e-18
6805.4053  -8.57363e-20
6806.5859  -3.89263e-18
6807.7666  -2.95901e-18
6808.9473  5.97784e-19
6810.1284  -3.39095e-19
6811.3091  -1.66757e-18
6812.4897  -2.97595e-18
6813.6709  -2.33649e-18
6814.8516  1.68833e-18
6816.0327  -4.45444e-18
6817.2134  -3.64464e-18
6818.3945  3.22899e-18
6819.5757  -7.30766e-18
6820.7568  -3.23952e-20
6821.9375  -4.79485e-18
6823.1187  -1.18361e-17
6824.2998  2.74225e-18
6825.481  -5.21835e-18
6826.6621  1.43727e-18
6827.8433  9.62924e-19
6829.0249  1.41298e-18
6830.2061  -1.07638e-18
6831.3872  3.085e-18
6832.5688  -8.71341e-18
6833.75  -6.87288e-18
6834.9316  -8.12992e-18
6836.1128  -6.01258e-18
6837.2944  3.90884e-18
6838.4761  -1.18733e-19
6839.6572  2.7967e-18
6840.8389  2.98636e-18
6842.0205  -4.859e-19
6843.2021  3.70657e-19
6844.3838  -3.80845e-18
6845.5654  -1.76524e-18
6846.7471  -5.46859e-19
6847.9287  -2.18643e-18
6849.1108  7.78933e-18
6850.2925  2.25536e-18
6851.4741  -1.12895e-18
6852.6558  4.8599e-18
6853.8379  5.30267e-18
6855.02  -2.30398e-18
6856.2017  -6.66079e-18
6857.3838  1.20722e-17
6858.5654  7.43589e-21
6859.7476  -1.51116e-18
6860.9297  -7.71363e-18
6862.1118  7.4e-19
6863.2939  -6.46047e-20
6864.4761  -8.56964e-19
6865.6582  4.26413e-18
6866.8403  -2.84549e-18
6868.0225  1.32758e-19
6869.2046  -7.03207e-18
6870.3872  -7.0742e-18
6871.5693  -2.67521e-18
6872.7515  6.91166e-19
6873.9341  -6.87963e-18
6875.1167  -1.23578e-18
6876.2988  -3.54182e-18
6877.4814  -1.28032e-19
6878.6641  4.5948e-18
6879.8462  -3.46079e-18
6881.0288  4.09714e-18
6882.2114  -5.43707e-19
6883.394  -8.7653e-18
6884.5767  -2.26955e-18
6885.7593  6.02717e-18
6886.9419  1.34021e-18
6888.1245  7.05034e-18
6889.3076  6.20056e-18
6890.4902  1.26783e-18
6891.6729  -5.28591e-18
6892.856  -7.53128e-18
6894.0386  5.62334e-19
6895.2217  -1.14885e-17
6896.4043  3.58758e-18
6897.5874  -8.52902e-18
6898.7705  -1.10242e-17
6899.9536  5.58621e-19
6901.1362  -3.90709e-18
6902.3193  1.06347e-18
6903.5024  8.25899e-18
6904.6855  -1.93281e-18
6905.8687  -7.37295e-18
6907.0518  1.03493e-19
6908.2354  -4.03998e-18
6909.4185  7.67622e-18
6910.6016  -5.93037e-19
6911.7852  -1.18776e-17
6912.9683  5.12586e-18
6914.1514  5.64301e-19
6915.335  2.00137e-18
6916.5186  -9.04229e-18
6917.7017  1.44016e-17
6918.8853  -2.45599e-18
6920.0688  5.88305e-18
6921.2524  -7.68212e-18
6922.436  -1.07156e-17
6923.6191  -7.06064e-18
6924.8027  -6.49961e-18
6925.9868  -4.76259e-18
6927.1704  2.92859e-18
6928.354  -4.87294e-18
6929.5376  4.67617e-18
6930.7212  -2.85973e-18
6931.9053  -1.25727e-19
6933.0889  7.45493e-18
6934.2725  6.16998e-19
6935.4565  2.49057e-18
6936.6406  -9.93415e-18
6937.8242  5.93656e-20
6939.0083  -5.55211e-19
6940.1924  7.75346e-18
6941.376  -8.04174e-18
6942.5601  -9.79915e-18
6943.7441  -1.36884e-18
6944.9282  3.74357e-18
6946.1123  6.78015e-18
6947.2964  -1.79354e-18
6948.4805  4.67442e-18
6949.665  2.09659e-19
6950.8491  6.13668e-18
6952.0332  2.30501e-18
6953.2178  3.18994e-18
6954.4019  2.27614e-18
6955.5864  -5.51151e-18
6956.7705  -6.54683e-19
6957.9551  -2.56411e-18
6959.1392  -4.55509e-18
6960.3237  -1.2077e-18
6961.5083  4.90256e-19
6962.6929  -2.83355e-18
6963.8774  -6.34049e-18
6965.062  2.78008e-18
6966.2466  7.14268e-19
6967.4312  4.58077e-18
6968.6157  3.4996e-19
6969.8003  5.67662e-18
6970.9849  3.66161e-18
6972.1694  -4.75849e-18
6973.3545  6.4359e-19
6974.5391  1.8339e-18
6975.7241  3.54621e-19
6976.9087  -1.27017e-18
6978.0938  -3.78208e-18
6979.2783  -2.74272e-18
6980.4634  -5.81485e-18
6981.6484  5.48205e-18
6982.833  4.03125e-18
6984.0181  -2.22133e-18
6985.2031  2.40133e-18
6986.3882  3.83432e-18
6987.5732  -7.52077e-18
6988.7583  -2.58556e-18
6989.9434  -2.15046e-18
6991.1289  -1.23857e-18
6992.314  5.54088e-18
6993.499  1.73168e-18
6994.6841  -4.4067e-19
6995.8696  -3.45275e-19
6997.0547  -1.69991e-18
6998.2402  -3.48022e-18
6999.4253  3.59705e-19
7000.6108  1.82802e-18
7001.7964  -7.31754e-18
7002.9814  8.52663e-19
7004.167  9.29219e-19
7005.3525  -6.63145e-18
7006.5381  -3.88009e-19
7007.7236  5.88143e-18
7008.9092  5.40661e-19
7010.0947  1.76744e-19
7011.2803  -5.44414e-19
7012.4658  -5.32393e-18
7013.6514  3.93794e-19
7014.8374  -2.3908e-18
7016.0229  1.90031e-18
7017.209  1.54999e-18
7018.3945  -4.26258e-18
7019.5801  -6.09945e-18
7020.7661  -2.81728e-18
7021.9521  -7.74088e-18
7023.1377  -1.04553e-17
7024.3237  5.24982e-19
7025.5098  1.56613e-18
7026.6958  -7.37598e-18
7027.8818  7.90738e-18
7029.0679  3.95949e-18
7030.2539  -6.55499e-18
7031.4399  2.5536e-18
7032.626  4.30655e-19
7033.812  -3.48548e-18
7034.998  3.64406e-18
7036.1841  -1.16203e-18
7037.3706  1.30259e-17
7038.5566  3.43678e-18
7039.7427  1.8969e-18
7040.9292  -1.29032e-18
7042.1157  2.63757e-18
7043.3018  6.31966e-18
7044.4883  -9.29198e-20
7045.6748  5.63848e-19
7046.8608  3.40165e-18
7048.0474  -1.35357e-18
7049.2339  -3.78991e-18
7050.4204  -5.16828e-18
7051.6069  -3.9405e-18
7052.7935  -2.309e-18
7053.98  5.64224e-19
7055.1665  3.2233e-18
7056.353  2.75404e-18
7057.54  4.81662e-18
7058.7266  3.4834e-18
7059.9131  -2.75562e-18
7061.1001  4.41449e-19
7062.2866  2.49315e-18
7063.4736  -3.81669e-18
7064.6602  3.07638e-18
7065.8472  5.4032e-18
7067.0337  -3.82718e-18
7068.2207  -5.55666e-18
7069.4077  -2.7429e-18
7070.5947  -1.54788e-18
7071.7817  3.09486e-18
7072.9688  -3.02459e-18
7074.1558  5.02237e-18
7075.3428  -4.27276e-18
7076.5298  2.23557e-18
7077.7168  -7.4977e-18
7078.9038  9.01718e-18
7080.0908  3.28434e-18
7081.2783  -8.27072e-18
7082.4653  -4.24247e-18
7083.6528  -1.90886e-18
7084.8398  -6.57965e-18
7086.0273  -6.65405e-18
7087.2144  2.32162e-19
7088.4019  3.56292e-18
7089.5889  -8.91266e-18
7090.7764  1.66267e-18
7091.9639  5.14086e-18
7093.1514  1.92045e-18
7094.3389  4.73551e-18
7095.5259  -4.56458e-18
7096.7134  -6.30279e-18
7097.9009  8.63028e-19
7099.0889  1.10756e-18
7100.2764  1.24304e-19
7101.4639  4.18038e-18
7102.6514  -2.57407e-18
7103.8389  -2.48677e-18
7105.0269  1.6212e-18
7106.2144  3.07139e-18
7107.4023  3.98626e-18
7108.5898  -1.67632e-18
7109.7778  -7.60385e-19
7110.9658  3.95879e-18
7112.1533  -6.49845e-18
7113.3413  2.5936e-18
7114.5293  1.45884e-18
7115.7173  8.47172e-18
7116.9048  -3.06666e-18
7118.0928  5.26115e-18
7119.2808  3.78807e-18
7120.4688  8.50604e-18
7121.6572  -4.11308e-18
7122.8452  3.81739e-18
7124.0332  3.85331e-18
7125.2212  -1.01722e-17
7126.4092  -1.03654e-17
7127.5977  7.77941e-18
7128.7856  -5.04291e-19
7129.9741  -6.08253e-18
7131.1621  2.9138e-18
7132.3506  -4.42029e-18
7133.5386  2.32718e-19
7134.7271  -7.64292e-18
7135.9155  1.90307e-19
7137.1035  2.49829e-18
7138.292  -3.19606e-18
7139.4805  -4.13371e-18
7140.6689  1.36098e-19
7141.8574  -2.63875e-18
7143.0459  -4.50849e-18
7144.2344  3.75541e-19
7145.4229  -2.30884e-18
7146.6113  -5.12674e-18
7147.7998  -2.94402e-19
7148.9888  -1.02337e-18
7150.1772  -2.72889e-18
7151.3657  2.13768e-18
7152.5547  3.67339e-18
7153.7432  -3.05694e-18
7154.9321  -7.83788e-19
7156.1206  2.33766e-18
7157.3096  -5.93817e-18
7158.4985  1.06428e-18
7159.687  -8.95027e-19
7160.876  -4.55671e-18
7162.0649  1.62639e-18
7163.2539  1.68847e-18
7164.4429  -5.61353e-18
7165.6318  2.8947e-18
7166.8208  -2.6425e-18
7168.0098  3.68804e-18
7169.1987  -3.24975e-18
7170.3877  3.50188e-18
7171.5767  1.86353e-18
7172.7656  -1.02753e-17
7173.9551  -3.69413e-18
7175.144  -2.79736e-18
7176.3335  2.32329e-19
7177.5225  -2.80269e-18
7178.7119  4.81799e-18
7179.9009  -2.42105e-18
7181.0903  -2.29278e-18
7182.2793  -2.78484e-18
7183.4688  -1.81738e-19
7184.6582  -4.75868e-18
7185.8477  -4.1203e-18
7187.0371  -2.90587e-18
7188.2261  2.34544e-18
7189.4155  -1.91508e-18
7190.605  4.63382e-18
7191.7949  -2.34713e-19
7192.9844  3.92226e-18
7194.1738  8.84654e-19
7195.3633  -2.26933e-18
7196.5527  -2.06741e-18
7197.7422  7.25743e-19
7198.9321  -3.30832e-18
7200.1216  6.51373e-18
7201.3115  -2.093e-18
7202.501  1.51316e-18
7203.6909  -4.73408e-18
7204.8804  -3.46342e-18
7206.0703  -5.30516e-18
7207.2603  3.24631e-18
7208.4497  5.08663e-19
7209.6396  1.35825e-18
7210.8296  -9.51077e-18
7212.0195  -7.85809e-18
7213.2095  -2.83631e-18
7214.3994  4.99546e-19
7215.5894  -3.82227e-18
7216.7793  4.61819e-18
7217.9692  -2.62393e-18
7219.1592  7.14986e-18
7220.3496  2.14607e-19
7221.5396  -6.40656e-18
7222.7295  -2.91541e-18
7223.9199  7.62917e-18
7225.1099  -6.58476e-19
7226.2998  4.5294e-18
7227.4902  -3.0203e-18
7228.6807  -1.30462e-18
7229.8706  -7.76083e-18
7231.061  4.86828e-18
7232.2515  -5.52556e-18
7233.4414  3.76735e-19
7234.6318  -4.26561e-20
7235.8223  -1.7788e-20
7237.0127  1.9094e-18
7238.2031  3.81637e-18
7239.3936  7.49156e-19
7240.584  2.70273e-18
7241.7744  6.97466e-18
7242.9648  -4.21988e-18
7244.1553  -6.30184e-18
7245.3462  1.08404e-18
7246.5366  2.89765e-18
7247.7271  -8.97908e-19
7248.9175  -2.02877e-18
7250.1084  -7.49061e-19
7251.2988  -4.00962e-18
7252.4897  -8.05758e-18
7253.6802  -1.04832e-18
7254.8711  -3.83686e-18
7256.062  -5.92427e-18
7257.2529  -2.254e-18
7258.4434  -3.44454e-18
7259.6343  2.04612e-18
7260.8252  -1.01879e-18
7262.0161  -1.78487e-18
7263.207  -5.81263e-18
7264.3979  5.27961e-19
7265.5889  4.17566e-18
7266.7798  -3.5589e-18
7267.9707  3.59666e-18
7269.1616  -3.02106e-18
7270.3525  6.82327e-18
7271.5439  -8.51633e-18
7272.7349  -5.19536e-18
7273.9258  5.90243e-18
7275.1172  -5.0736e-20
7276.3081  -2.56942e-18
7277.4995  1.32469e-18
7278.6904  -5.56856e-18
7279.8818  -8.5492e-19
7281.0732  5.24598e-18
7282.2642  4.16124e-18
7283.4556  2.67546e-18
7284.647  8.751e-18
7285.8379  4.89282e-18
7287.0293  -3.04087e-18
7288.2207  -3.79859e-18
7289.4121  6.09231e-19
7290.6035  -1.29085e-18
7291.7949  -3.01855e-18
7292.9863  -3.96153e-18
7294.1782  -3.58432e-18
7295.3696  -2.97494e-18
7296.561  -2.42843e-18
7297.7524  -7.81299e-18
7298.9443  3.94474e-18
7300.1357  -4.61472e-18
7301.3271  1.38395e-18
7302.519  9.73047e-20
7303.7104  2.51332e-18
7304.9023  7.39629e-19
7306.0938  2.82763e-18
7307.2856  2.34513e-18
7308.4775  3.74433e-18
7309.6694  -7.8789e-19
7310.8608  -1.16416e-18
7312.0527  8.2425e-19
7313.2446  -2.00904e-18
7314.4365  -7.37233e-18
7315.6284  -7.97448e-18
7316.8203  -2.88677e-18
7318.0122  -7.05826e-18
7319.2041  -2.14981e-18
7320.396  1.74746e-18
7321.5879  -4.04514e-18
7322.7798  1.17777e-18
7323.9722  -2.38801e-18
7325.1641  6.51482e-18
7326.356  7.05755e-18
7327.5483  4.04205e-19
7328.7402  -7.08543e-20
7329.9326  3.32023e-18
7331.1245  -3.75728e-18
7332.3169  5.78976e-18
7333.5088  -4.68726e-18
7334.7012  -1.22944e-17
7335.8936  2.55844e-18
7337.0859  -7.45716e-18
7338.2778  -4.71967e-18
7339.4702  -1.16454e-17
7340.6626  3.76654e-18
7341.855  -6.56713e-18
7343.0474  -6.47318e-18
7344.2397  5.22474e-18
7345.4321  -4.55531e-18
7346.6245  7.41442e-19
7347.8169  -5.12668e-18
7349.0098  2.18001e-18
7350.2021  -1.20224e-18
7351.3945  -2.34346e-18
7352.5869  1.00977e-17
7353.7798  1.11255e-17
7354.9722  -4.19327e-18
7356.165  -4.04097e-18
7357.3574  2.62858e-18
7358.5503  3.73709e-18
7359.7427  2.57296e-18
7360.9355  1.63813e-18
7362.1284  2.74592e-18
7363.3208  -2.77334e-18
7364.5137  -9.06342e-18
7365.7065  2.30176e-18
7366.8994  -2.36218e-18
7368.0923  1.92943e-18
7369.2852  -1.62753e-18
7370.478  3.43439e-19
7371.6709  -1.43622e-18
7372.8638  -5.37092e-18
7374.0566  1.85128e-18
7375.2495  -3.16485e-18
7376.4424  4.03048e-20
7377.6353  4.39318e-18
7378.8286  8.66716e-18
7380.0215  2.89591e-19
7381.2144  6.80138e-19
7382.4077  -8.00251e-22
7383.6006  3.23288e-18
7384.7939  5.45891e-18
7385.9868  -2.13093e-18
7387.1802  -4.00876e-18
7388.373  -2.51867e-18
7389.5664  2.58199e-18
7390.7598  -9.34069e-18
7391.9531  5.40205e-18
7393.146  -1.13901e-18
7394.3394  -1.53699e-19
7395.5327  -5.02105e-18
7396.7261  5.32394e-18
7397.9194  7.44222e-18
7399.1128  4.04014e-18
7400.3062  -4.09241e-18
7401.4995  -1.76009e-18
7402.6929  1.25026e-18
7403.8862  6.19798e-18
7405.0796  5.02424e-19
7406.2734  -6.29164e-19
7407.4668  -9.19243e-18
7408.6602  -8.71442e-18
7409.854  -1.64387e-18
7411.0474  2.31963e-18
7412.2412  -3.34044e-19
7413.4346  -4.27307e-18
7414.6284  -1.60441e-18
7415.8218  2.32434e-18
7417.0156  7.09669e-19
7418.209  1.91648e-18
7419.4028  -7.35956e-18
7420.5967  -6.14404e-18
7421.7905  4.03656e-19
7422.9839  4.72058e-19
7424.1777  3.83028e-20
7425.3716  6.8719e-18
7426.5654  3.48537e-18
7427.7593  -1.6663e-19
7428.9531  7.29187e-19
7430.147  1.04641e-18
7431.3408  -4.76542e-18
7432.5347  4.12575e-18
7433.729  -4.7708e-19
7434.9229  -1.63291e-18
7436.1167  7.96333e-18
7437.311  -4.90894e-18
7438.5049  2.07167e-18
7439.6987  5.39283e-18
7440.8931  -5.78662e-18
7442.0869  -4.52318e-18
7443.2812  -3.44997e-18
7444.4751  7.84276e-18
7445.6694  -1.0136e-18
7446.8633  -8.63047e-19
7448.0576  -6.52061e-18
7449.252  -1.21014e-18
7450.4463  -9.33159e-18
7451.6406  -7.64964e-19
7452.8345  -6.31271e-18
7454.0288  -4.16718e-19
7455.2231  3.97331e-18
7456.4175  6.22292e-18
7457.6118  -1.40331e-18
7458.8062  -8.10882e-19
7460.0005  -1.37076e-19
7461.1948  -2.1027e-18
7462.3892  -8.90952e-19
7463.584  -1.09953e-17
7464.7783  -1.66643e-18
7465.9727  -1.09689e-18
7467.167  5.08506e-18
7468.3618  1.66187e-18
7469.5562  7.03223e-18
7470.751  4.24494e-18
7471.9453  -4.29716e-19
7473.1401  3.13623e-19
7474.3345  -6.70105e-18
7475.5293  -4.58046e-19
7476.7236  -3.85182e-19
7477.9185  7.80324e-18
7479.1133  8.90875e-18
7480.3076  -1.00783e-17
7481.5024  -3.2591e-18
7482.6973  7.50241e-18
7483.8921  4.35549e-18
7485.0869  5.76941e-18
7486.2817  1.50551e-18
7487.4766  3.57286e-18
7488.6714  -8.07777e-18
7489.8662  -6.82715e-18
7491.061  -9.64306e-18
7492.2559  -4.16402e-19
7493.4507  -7.44303e-18
7494.6455  -1.61821e-18
7495.8408  3.41132e-18
7497.0356  -5.59079e-18
7498.2305  -3.85477e-18
7499.4258  -4.28256e-18
7500.6206  -2.95314e-18
7501.8159  -4.38021e-18
7503.0107  1.7507e-18
7504.2056  -7.70709e-18
7505.4009  3.87996e-18
7506.5962  -1.29626e-17
7507.791  4.68534e-19
7508.9863  7.25342e-18
7510.1816  1.26254e-18
7511.3765  5.24532e-19
7512.5718  1.09858e-18
7513.7671  2.92528e-18
7514.9624  -3.18195e-19
7516.1577  -5.48771e-18
7517.353  -4.78779e-19
7518.5483  6.72071e-18
7519.7432  5.79402e-18
7520.939  1.59244e-18
7522.1343  -3.26954e-18
7523.3296  -3.43375e-18
7524.5249  -5.57912e-19
7525.7202  -7.77481e-18
7526.9155  -1.57478e-18
7528.1113  -3.30872e-18
7529.3066  -2.78731e-19
7530.502  -2.95812e-18
7531.6978  -1.31215e-18
7532.8931  -6.91102e-18
7534.0884  -2.40853e-18
7535.2842  2.76129e-18
7536.48  -2.73641e-18
7537.6753  2.92393e-18
7538.8711  -4.89561e-18
7540.0664  2.40855e-18
7541.2622  1.6123e-18
7542.458  -4.91024e-19
7543.6538  -7.04171e-19
7544.8491  -4.87043e-18
7546.0449  -3.4515e-18
7547.2407  4.56028e-18
7548.4365  -3.76745e-18
7549.6323  -6.29837e-18
7550.8281  3.96324e-18
7552.0239  -8.2466e-18
7553.2197  7.64655e-19
7554.4155  5.88838e-18
7555.6113  4.55058e-18
7556.8071  3.11743e-18
7558.0029  -4.57476e-18
7559.1992  6.22798e-18
7560.395  7.53863e-19
7561.5908  6.91025e-18
7562.7866  2.25766e-18
7563.9829  3.46596e-18
7565.1787  4.8731e-18
7566.375  3.3446e-18
7567.5708  -4.65881e-18
7568.7666  3.04096e-18
7569.9629  -1.00921e-17
7571.1592  1.62677e-18
7572.355  2.25391e-18
7573.5513  6.80538e-20
7574.7471  -5.85626e-18
7575.9434  9.26227e-18
7577.1396  1.01898e-17
7578.3359  -5.19504e-18
7579.5322  -8.87544e-18
7580.7285  6.28534e-18
7581.9243  2.32314e-19
7583.1206  2.51779e-18
7584.3169  1.06175e-19
7585.5132  1.58308e-18
7586.7095  -7.39969e-18
7587.9058  5.11275e-18
7589.1025  4.631e-18
7590.2988  8.32962e-18
7591.4951  -4.5065e-18
7592.6914  -5.08557e-19
7593.8877  5.47511e-18
7595.084  -4.98727e-18
7596.2808  -1.56299e-17
7597.4771  1.6545e-17
7598.6738  1.33312e-17
7599.8701  2.04408e-17
7601.0664  -1.84954e-17
7602.2632  -1.35425e-17
7603.4595  6.79602e-19
7604.6562  2.27155e-17
7605.853  -1.82197e-17
7607.0493  -3.65123e-18
7608.2461  1.18928e-17
7609.4424  -8.07451e-18
7610.6392  -1.19097e-17
7611.8359  -3.75996e-18
7613.0327  -1.6766e-18
7614.2295  -1.00309e-18
7615.4258  -7.67125e-18
7616.6226  -3.52975e-18
7617.8193  6.23554e-18
7619.0161  1.87546e-18
7620.2129  1.4665e-17
7621.4097  -1.1138e-17
7622.6064  8.43339e-18
7623.8032  1.83875e-17
7625.0005  8.42199e-18
7626.1973  -9.61493e-18
7627.394  1.69228e-17
7628.5908  5.96027e-18
7629.7876  3.71316e-18
7630.9849  3.81977e-18
7632.1816  1.87792e-18
7633.3784  2.46678e-18
7634.5757  4.80768e-18
7635.7725  6.6427e-18
7636.9697  2.63506e-18
7638.1665  -5.28002e-18
7639.3638  6.45377e-18
7640.5605  3.78065e-18
7641.7578  -1.09704e-18
7642.9546  1.06427e-18
7644.1519  -7.62044e-19
7645.3491  1.18655e-17
7646.5464  2.605e-18
7647.7432  9.37361e-18
7648.9404  6.75344e-19
7650.1377  -6.35669e-18
7651.335  4.58225e-18
7652.5322  -3.84997e-18
7653.7295  -1.27537e-18
7654.9268  -1.35085e-18
7656.124  4.12898e-18
7657.3213  -1.29886e-18
7658.5186  5.09477e-18
7659.7158  9.01593e-18
7660.9131  3.04007e-18
7662.1104  7.6979e-18
7663.3076  2.7163e-18
7664.5049  3.97694e-18
7665.7026  -3.84218e-20
7666.8999  4.53626e-18
7668.0972  -3.54946e-18
7669.2949  1.50767e-18
7670.4922  2.8216e-18
7671.6895  2.49645e-18
7672.8872  4.50132e-18
7674.0845  5.50099e-18
7675.2822  5.40057e-18
7676.4795  8.90182e-18
7677.6772  -2.95438e-18
7678.8745  5.16966e-19
7680.0723  1.56964e-17
7681.27  3.60307e-18
7682.4673  -8.76314e-19
7683.665  2.90841e-18
7684.8628  5.22572e-18
7686.0605  -8.03905e-18
7687.2578  -3.21352e-18
7688.4556  -1.22754e-18
7689.6533  4.72104e-18
7690.8511  2.36746e-18
7692.0488  5.91879e-18
7693.2466  2.83014e-18
7694.4443  3.47181e-18
7695.6421  9.74912e-18
7696.8398  3.96713e-18
7698.0376  3.62504e-18
7699.2354  1.08853e-18
7700.4331  -2.62722e-18
7701.6313  4.54683e-18
7702.8291  9.24e-19
7704.0269  -7.00236e-18
7705.2246  4.07463e-18
7706.4229  -3.94506e-19
7707.6206  -3.52312e-18
7708.8184  3.33981e-18
7710.0166  2.21777e-18
7711.2144  8.12404e-18
7712.4126  1.40141e-18
7713.6104  4.83613e-18
7714.8086  3.86962e-19
7716.0063  1.90353e-18
7717.2046  -2.63335e-18
7718.4023  -4.36653e-18
7719.6006  6.08316e-18
7720.7988  1.5974e-19
7721.9966  -7.26689e-19
7723.1948  6.02875e-18
7724.3931  4.05285e-19
7725.5913  6.85443e-18
7726.7891  7.55572e-19
7727.9873  -1.54567e-18
7729.1855  3.5193e-18
7730.3838  9.85035e-19
7731.582  -4.36308e-18
7732.7803  9.82713e-18
7733.9785  1.95212e-18
7735.1768  -2.74771e-18
7736.375  -7.04812e-18
7737.5732  -1.86966e-18
7738.7715  3.24881e-18
7739.9697  5.01753e-18
7741.1685  1.57469e-18
7742.3667  5.24415e-18
7743.5649  7.77297e-18
7744.7632  3.77717e-18
7745.9619  1.08196e-18
7747.1602  5.26434e-18
7748.3584  -1.10535e-17
7749.5571  4.47444e-18
7750.7554  -1.17378e-17
7751.9536  -1.44017e-19
7753.1523  -1.31389e-18
7754.3506  6.25544e-19
7755.5493  7.57417e-18
7756.7476  -1.37233e-18
7757.9463  -1.30621e-18
7759.145  2.97673e-18
7760.3433  -5.42385e-18
7761.542  -3.62052e-19
7762.7407  -8.40665e-18
7763.939  1.7161e-21
7765.1377  7.62108e-19
7766.3364  4.82619e-18
7767.5352  -3.69168e-18
7768.7334  1.39393e-17
7769.9321  -9.86822e-19
7771.1309  -1.98252e-18
7772.3296  -1.25119e-18
7773.5283  4.34502e-18
7774.7271  1.53607e-18
7775.9258  -2.55885e-18
7777.1245  7.68969e-18
7778.3232  8.04391e-19
7779.522  -9.42746e-18
7780.7207  -7.17461e-19
7781.9199  -7.96716e-18
7783.1187  1.38144e-19
7784.3174  -4.94429e-18
7785.5161  -1.2584e-18
7786.7148  6.80958e-18
7787.9141  -3.68547e-18
7789.1128  8.09042e-18
7790.3115  2.44593e-18
7791.5107  4.73955e-18
7792.7095  1.88652e-18
7793.9082  5.47934e-19
7795.1074  8.96939e-18
7796.3062  8.65967e-19
7797.5054  2.56291e-18
7798.7041  2.3164e-18
7799.9033  2.3518e-18
7801.1021  5.99249e-18
7802.3013  1.74983e-18
7803.5005  -1.62812e-18
7804.6992  -1.46198e-18
7805.8984  5.08597e-18
7807.0977  3.85767e-19
7808.2964  -3.03108e-18
7809.4956  -3.5906e-18
7810.6948  3.09276e-20
7811.894  3.2945e-18
7813.0933  -1.0644e-18
7814.292  4.42779e-18
7815.4912  7.04163e-19
7816.6904  5.4043e-18
7817.8896  6.26141e-18
7819.0889  7.01332e-18
7820.2881  -1.82182e-18
7821.4873  4.59149e-19
7822.6865  9.85104e-19
7823.8857  -8.92155e-19
7825.085  -3.77111e-18
7826.2847  -2.86882e-18
7827.4839  9.01915e-19
7828.6831  4.64442e-18
7829.8823  6.87528e-18
7831.0815  3.29216e-18
7832.2812  4.51731e-19
7833.4805  -4.98509e-18
7834.6797  4.24035e-18
7835.8794  -6.68834e-19
7837.0786  1.50427e-18
7838.2778  5.25852e-18
7839.4775  3.7174e-19
7840.6768  7.29595e-18
7841.8765  9.58798e-18
7843.0757  -7.42736e-19
7844.2754  2.90935e-18
7845.4746  -2.31559e-19
7846.6743  -1.36623e-18
7847.8735  1.51364e-18
7849.0732  1.14462e-17
7850.2725  -1.38471e-18
7851.4722  -4.44406e-19
7852.6719  8.95793e-18
7853.8716  -2.49359e-18
7855.0708  -3.71237e-18
7856.2705  4.22533e-18
7857.4702  6.49489e-18
7858.6699  -4.79977e-18
7859.8696  5.67553e-18
7861.0693  1.2698e-18
7862.2686  7.4049e-18
7863.4683  -3.19498e-18
7864.668  1.05787e-17
7865.8677  -4.54343e-18
7867.0674  -3.90096e-18
7868.2671  8.5427e-18
7869.4668  -8.25944e-18
7870.6665  -1.8407e-19
7871.8662  5.31377e-18
7873.0659  -3.59326e-18
7874.2661  1.45676e-18
7875.4658  -5.36167e-18
7876.6655  -1.5354e-18
7877.8652  3.00873e-18
7879.0649  -1.25578e-18
7880.2651  1.33945e-19
7881.4648  7.84621e-19
7882.6646  3.88147e-18
7883.8643  6.55296e-19
7885.0645  -2.3525e-19
7886.2642  7.05006e-18
7887.4639  2.28054e-18
7888.6641  4.25573e-18
7889.8638  -2.05212e-18
7891.064  3.78924e-18
7892.2637  -1.16636e-18
7893.4639  6.14382e-18
7894.6636  8.95255e-18
7895.8638  -2.84214e-18
7897.0635  2.03193e-18
7898.2637  3.0888e-19
7899.4639  5.18091e-18
7900.6636  2.93712e-18
7901.8638  1.09807e-18
7903.064  -9.13255e-19
7904.2637  4.77298e-19
7905.4639  2.947e-18
7906.6641  -1.85339e-18
7907.8643  -1.7709e-18
7909.0645  -3.36322e-18
7910.2642  -1.44354e-17
7911.4644  2.51151e-18
7912.6646  -2.23256e-18
7913.8647  1.32119e-17
7915.0649  -2.6302e-18
7916.2651  -2.14255e-18
7917.4653  6.63129e-18
7918.6655  4.72385e-18
7919.8657  9.87568e-18
7921.0659  -5.13341e-18
7922.2661  4.81299e-18
7923.4663  5.84541e-19
7924.6665  3.70553e-20
7925.8667  -4.14634e-18
7927.0674  3.80224e-19
7928.2676  9.18449e-18
7929.4678  -5.17634e-18
7930.668  2.59733e-18
7931.8682  5.66944e-18
7933.0688  3.25409e-18
7934.269  4.27423e-18
7935.4692  -1.55754e-18
7936.6699  4.49305e-18
7937.8701  -4.9552e-19
7939.0703  2.13821e-18
7940.271  3.56552e-19
7941.4712  8.17526e-19
7942.6714  -6.26481e-18
7943.8721  1.58212e-18
7945.0723  1.52099e-18
7946.2729  4.66764e-19
7947.4736  7.69726e-19
7948.6738  3.88266e-18
7949.8745  -4.16654e-18
7951.0747  4.43898e-20
7952.2754  5.72036e-19
7953.4756  4.86319e-18
7954.6763  7.28899e-19
7955.877  -5.20604e-18
7957.0771  -3.09826e-18
7958.2778  9.17659e-18
7959.4785  -1.33997e-18
7960.6792  5.40763e-18
7961.8794  6.45569e-18
7963.0801  7.54252e-18
7964.2808  -9.42444e-18
7965.4814  5.30927e-18
7966.6821  2.49669e-18
7967.8828  -3.54791e-18
7969.083  3.25099e-19
7970.2837  -2.82833e-18
7971.4844  9.68056e-19
7972.6851  4.71211e-18
7973.8857  1.67472e-18
7975.0864  -1.37489e-18
7976.2871  -3.1412e-18
7977.4878  4.90846e-18
7978.6885  -4.54841e-18
7979.8892  -9.04436e-19
7981.0903  1.05983e-17
7982.291  -6.44195e-19
7983.4917  5.80837e-18
7984.6924  -3.69406e-18
7985.8931  1.0395e-18
7987.0938  3.97012e-18
7988.2949  -1.804e-18
7989.4956  -2.84728e-19
7990.6963  -1.14571e-18
7991.897  -2.42354e-18
7993.0981  -1.81412e-18
7994.2988  2.0499e-18
7995.4995  -1.73764e-18
7996.7007  6.79204e-18
7997.9014  2.96877e-18
7999.1025  7.20993e-18
8000.3032  3.7731e-18
8001.5039  3.66783e-18
8002.7051  1.8984e-18
8003.9058  -5.59866e-21
8005.1069  6.09502e-18
8006.3076  4.23232e-18
8007.5088  -6.27227e-18
8008.7095  3.67677e-19
8009.9106  8.77605e-20
8011.1118  4.27948e-18
8012.3125  1.37429e-18
8013.5137  -8.61944e-19
8014.7148  -3.63467e-18
8015.9155  1.13895e-18
8017.1167  1.16969e-17
8018.3174  5.93938e-18
8019.5186  9.16999e-18
8020.7197  -3.54953e-18
8021.9209  -3.73182e-18
8023.1216  -3.49795e-18
8024.3228  3.32184e-20
8025.5239  3.27096e-18
8026.7251  -3.15127e-18
8027.9263  4.5682e-18
8029.1274  2.84715e-18
8030.3286  -1.22033e-18
8031.5293  -2.31814e-18
8032.7305  1.13476e-18
8033.9316  -2.33418e-18
8035.1328  1.89067e-18
8036.334  1.14572e-18
8037.5352  -2.0862e-18
8038.7363  6.05122e-18
8039.9375  9.3045e-18
8041.1387  1.77205e-18
8042.3403  2.26877e-18
8043.5415  4.52332e-18
8044.7427  1.97539e-18
8045.9438  5.20416e-18
8047.145  -6.11568e-19
8048.3462  -6.90156e-19
8049.5474  -4.07247e-18
8050.749  6.20658e-18
8051.9502  -2.49723e-18
8053.1514  7.16822e-18
8054.3525  -4.71572e-19
8055.5537  -2.50146e-18
8056.7554  -8.49782e-18
8057.9565  1.2338e-17
8059.1577  1.84451e-18
8060.3594  -6.34586e-19
8061.5605  -5.33073e-18
8062.7617  2.0634e-18
8063.9634  -3.70234e-18
8065.1646  4.33036e-18
8066.3662  2.28914e-18
8067.5674  2.39403e-18
8068.769  1.7416e-20
8069.9702  9.12173e-18
8071.1714  8.52389e-18
8072.373  1.84948e-18
8073.5747  -4.6994e-19
8074.7759  -2.24317e-18
8075.9775  4.76025e-18
8077.1787  1.05808e-19
8078.3804  9.27722e-19
8079.5815  5.46705e-18
8080.7832  -1.78725e-18
8081.9849  4.72286e-18
8083.186  -2.4968e-18
8084.3877  3.10789e-18
8085.5894  2.0722e-18
8086.7905  5.61101e-18
8087.9922  -1.32232e-18
8089.1938  9.49792e-19
8090.3955  3.3559e-18
8091.5967  4.64511e-18
8092.7983  6.27095e-18
8094.0  5.12032e-18
8095.2017  8.00384e-18
8096.4033  -9.85204e-19
8097.6045  6.79523e-18
8098.8062  -3.60069e-19
8100.0078  3.30822e-18
8101.2095  -5.00688e-19
8102.4111  9.80794e-20
8103.6128  9.0139e-18
8104.8145  3.6947e-18
8106.0161  4.89218e-18
8107.2178  5.09363e-18
8108.4194  2.55855e-18
8109.6211  7.25054e-18
8110.8228  -1.63189e-18
8112.0244  3.55305e-18
8113.2261  1.01523e-17
8114.4277  2.2856e-18
8115.6294  5.95518e-19
8116.8311  -1.74457e-18
8118.0327  1.57775e-18
8119.2344  6.02562e-18
8120.4365  2.74137e-18
8121.6382  3.296e-18
8122.8398  -1.37141e-18
8124.0415  1.55369e-18
8125.2432  -1.96877e-18
8126.4448  3.02564e-18
8127.647  7.72963e-18
8128.8486  2.87827e-18
8130.0503  4.68581e-18
8131.252  -1.70829e-18
8132.4541  -1.01461e-20
8133.6558  2.96125e-18
8134.8574  6.95497e-19
8136.0596  2.5082e-18
8137.2612  3.24636e-18
8138.4629  4.74767e-18
8139.665  3.12989e-18
8140.8667  8.20577e-18
8142.0684  9.4225e-18
8143.2705  1.75672e-18
8144.4722  2.61373e-18
8145.6743  -3.28657e-18
8146.876  5.70811e-18
8148.0781  6.8388e-18
8149.2798  3.43293e-18
8150.4819  7.12271e-19
8151.6836  5.65143e-18
8152.8857  -2.29033e-18
8154.0874  2.20733e-18
8155.2896  1.74598e-18
8156.4912  5.77903e-18
8157.6934  6.64194e-18
8158.8955  4.72091e-18
8160.0972  9.3436e-19
8161.2993  5.3981e-18
8162.501  3.76613e-18
8163.7031  1.19937e-18
8164.9053  6.76766e-18
8166.1074  6.92752e-18
8167.3091  3.15058e-18
8168.5112  6.27748e-18
8169.7134  1.28209e-18
8170.915  -2.18644e-18
8172.1172  6.71446e-19
8173.3193  -1.58335e-18
8174.5215  -7.3708e-20
8175.7231  6.63487e-19
8176.9253  1.7806e-18
8178.1274  4.28165e-18
8179.3296  -1.8534e-18
8180.5317  4.2296e-19
8181.7334  4.67243e-18
8182.9355  -8.16175e-19
8184.1377  -1.04538e-18
8185.3398  5.09954e-19
8186.542  1.79831e-19
8187.7441  -2.09486e-18
8188.9463  -1.25976e-18
8190.1484  1.85832e-18
8191.3506  -1.78849e-18
8192.5527  1.97143e-18
8193.7549  9.91847e-19
8194.957  3.39612e-18
8196.1592  7.89832e-18
8197.3613  1.66796e-18
8198.5635  -2.75076e-19
8199.7656  9.93269e-19
8200.9678  -1.53879e-18
8202.1699  3.69692e-18
8203.3721  9.63855e-19
8204.5742  -2.18865e-19
8205.7764  6.82212e-19
8206.9785  3.63731e-18
8208.1807  2.14986e-18
8209.3828  9.11157e-18
8210.585  -4.70553e-21
8211.7871  1.78983e-18
8212.9893  5.18881e-19
8214.1924  1.08569e-18
8215.3945  2.09937e-18
8216.5967  4.63174e-18
8217.7988  2.60467e-18
8219.001  3.52112e-18
8220.2031  6.04688e-18
8221.4053  -2.53539e-19
8222.6074  -1.4791e-18
8223.8096  2.15181e-18
8225.0127  4.43503e-18
8226.2148  -9.89011e-19
8227.417  3.43828e-18
8228.6191  -7.33406e-18
8229.8213  -2.62292e-18
8231.0234  7.56118e-19
8232.2266  4.25728e-18
8233.4287  2.66565e-19
8234.6309  5.83357e-18
8235.833  -2.19476e-18
8237.0352  4.71304e-18
8238.2383  7.78644e-19
8239.4404  2.0947e-18
8240.6426  2.69332e-18
8241.8447  -1.08823e-18
8243.0469  1.23915e-18
8244.25  3.67742e-18
8245.4521  8.441e-19
8246.6543  -2.54929e-18
8247.8564  1.42438e-18
8249.0596  -3.88578e-18
8250.2617  4.15603e-18
8251.4639  6.19103e-18
8252.666  2.1661e-18
8253.8691  6.94531e-18
8255.0713  3.53205e-18
8256.2734  6.98246e-18
8257.4756  2.02571e-18
8258.6787  3.45977e-19
8259.8809  2.22449e-18
8261.083  -2.87422e-18
8262.2861  1.12214e-18
8263.4883  -1.60639e-18
8264.6904  4.39278e-18
8265.8936  -2.06363e-18
8267.0957  6.88279e-18
8268.2979  -1.74682e-18
8269.501  6.9236e-18
8270.7031  4.7622e-18
8271.9053  -1.61644e-18
8273.1084  2.92524e-18
8274.3105  -2.8931e-18
8275.5127  1.29364e-18
8276.7158  -1.34856e-18
8277.918  -7.90841e-19
8279.1201  -4.38419e-18
8280.3232  1.6393e-18
8281.5254  -3.40877e-18
8282.7275  3.95914e-18
8283.9307  -3.21822e-18
8285.1328  7.21005e-18
8286.3359  -5.09235e-18
8287.5381  1.22009e-18
8288.7402  -4.87033e-19
8289.9434  5.38212e-18
8291.1455  2.79571e-18
8292.3486  -3.59116e-18
8293.5508  1.89672e-19
8294.7539  6.84737e-18
8295.9561  -2.22273e-18
8297.1592  -5.9761e-18
8298.3613  -2.36042e-18
8299.5635  -2.0112e-18
8300.7666  3.56011e-18
8301.9688  4.29424e-18
8303.1719  5.84869e-18
8304.374  -5.61116e-19
8305.5771  6.33389e-18
8306.7793  1.53692e-18
8307.9824  -2.26104e-20
8309.1846  -6.10895e-19
8310.3877  6.61451e-18
8311.5898  1.81119e-18
8312.793  -1.56289e-18
8313.9951  1.62696e-18
8315.1982  2.07902e-18
8316.4004  1.08839e-18
8317.6035  5.73422e-19
8318.8057  -1.42819e-18
8320.0088  3.58672e-19
8321.2109  5.63566e-18
8322.4141  -5.01764e-18
8323.6162  -4.63147e-18
8324.8193  4.14413e-19
8326.0215  1.24995e-18
8327.2246  2.24296e-18
8328.4268  6.28899e-18
8329.6299  1.89773e-20
8330.832  3.35729e-19
8332.0352  -3.67245e-19
8333.2383  2.97766e-18
8334.4404  4.41844e-18
8335.6436  -1.19185e-18
8336.8457  6.05364e-18
8338.0488  6.94794e-18
8339.251  -1.64279e-19
8340.4541  -3.02603e-18
8341.6562  -1.04147e-18
8342.8594  -2.6538e-18
8344.0625  1.00399e-17
8345.2646  2.86163e-18
8346.4678  -6.93555e-18
8347.6699  1.13968e-19
8348.873  4.58472e-18
8350.0762  6.40439e-18
8351.2783  8.30125e-18
8352.4814  3.08045e-18
8353.6846  7.49583e-18
8354.8867  7.2655e-18
8356.0898  5.62799e-18
8357.292  2.82978e-18
8358.4951  -2.97685e-19
8359.6982  4.20843e-18
8360.9004  6.06436e-18
8362.1035  5.964e-18
8363.3066  5.74517e-18
8364.5088  1.46718e-18
8365.7119  1.03572e-17
8366.915  -1.7511e-18
8368.1172  7.19617e-19
8369.3203  8.69093e-20
8370.5225  2.4871e-19
8371.7256  3.69697e-18
8372.9287  3.0631e-18
8374.1309  -1.16826e-18
8375.334  -5.38044e-18
8376.5371  1.73113e-18
8377.7402  3.07684e-18
8378.9424  -3.41118e-18
8380.1455  1.8099e-18
8381.3486  1.14142e-18
8382.5508  5.8883e-18
8383.7539  -2.7263e-18
8384.957  1.32285e-18
8386.1592  4.01479e-18
8387.3623  -4.25532e-18
8388.5654  5.97716e-18
8389.7676  5.0251e-18
8390.9707  6.76605e-18
8392.1738  6.74844e-19
8393.377  2.31318e-18
8394.5791  2.81811e-18
8395.7822  6.89057e-18
8396.9854  -9.91265e-18
8398.1885  4.99318e-18
8399.3906  -4.35574e-18
8400.5938  -7.41214e-18
8401.7969  -4.80402e-18
8402.999  2.57418e-18
8404.2021  -2.34455e-18
8405.4053  4.43888e-18
8406.6084  7.52626e-18
8407.8105  2.93233e-18
8409.0137  -1.8555e-18
8410.2168  1.51253e-18
8411.4199  2.33379e-18
8412.6221  6.80381e-18
8413.8252  3.84011e-18
8415.0283  5.44514e-18
8416.2314  5.52526e-18
8417.4336  4.62419e-18
8418.6367  2.73543e-18
8419.8398  -1.86562e-19
8421.043  2.16919e-19
8422.2451  3.13643e-18
8423.4482  2.27963e-18
8424.6514  1.29508e-17
8425.8545  3.53122e-18
8427.0576  5.2733e-18
8428.2598  8.46127e-18
8429.4629  -4.87662e-20
8430.666  -9.0806e-18
8431.8691  -2.38569e-18
8433.0723  9.73078e-18
8434.2744  7.78258e-18
8435.4775  2.01923e-18
8436.6807  7.32222e-18
8437.8838  2.06193e-18
8439.0859  4.37009e-18
8440.2891  2.18366e-18
8441.4922  2.61606e-18
8442.6953  3.33031e-18
8443.8984  1.27075e-18
8445.1016  5.98122e-18
8446.3037  -2.0476e-18
8447.5068  2.66509e-18
8448.71  5.51101e-18
8449.9131  7.92852e-19
8451.1162  -2.29104e-18
8452.3184  2.40316e-19
8453.5215  -9.10336e-18
8454.7246  9.72189e-18
8455.9277  -2.21666e-18
8457.1309  2.63175e-18
8458.334  8.94397e-19
8459.5361  8.69649e-19
8460.7393  5.69122e-18
8461.9424  -8.61144e-18
8463.1455  -1.69657e-18
8464.3486  -4.7303e-18
8465.5508  2.84896e-18
8466.7539  9.37268e-18
8467.957  4.26875e-18
8469.1602  2.68064e-18
8470.3633  2.71472e-18
8471.5664  1.00741e-17
8472.7686  4.00311e-19
8473.9717  1.94834e-18
8475.1748  4.97945e-18
8476.3779  4.04098e-18
8477.5811  4.13699e-18
8478.7842  9.7959e-18
8479.9873  9.42055e-18
8481.1895  3.5398e-18
8482.3926  3.78511e-19
8483.5957  6.37916e-18
8484.7988  1.52915e-18
8486.002  1.11822e-19
8487.2051  2.16951e-18
8488.4082  8.47229e-18
8489.6104  3.40079e-18
8490.8135  4.05825e-19
8492.0166  1.38894e-18
8493.2197  1.66323e-18
8494.4229  7.42009e-18
8495.626  4.19284e-18
8496.8291  5.28652e-18
8498.0312  -1.28633e-18
8499.2344  -2.87262e-18
8500.4375  2.86949e-18
8501.6406  3.93512e-18
8502.8438  1.39212e-18
8504.0469  -1.73941e-19
8505.25  -4.45842e-18
8506.4521  9.50683e-19
8507.6553  2.8793e-18
8508.8584  -1.16836e-18
8510.0615  2.62639e-18
8511.2646  7.80776e-18
8512.4678  2.12604e-18
8513.6709  -3.06628e-18
8514.874  6.12002e-18
8516.0762  4.31678e-18
8517.2793  2.37518e-18
8518.4824  6.30488e-19
8519.6855  5.64738e-18
8520.8887  3.69754e-18
8522.0918  6.91956e-18
8523.2949  1.96146e-18
8524.498  -2.3845e-18
8525.7002  1.05709e-18
8526.9033  3.37435e-18
8528.1064  5.87979e-18
8529.3096  -3.50981e-18
8530.5127  6.95268e-18
8531.7158  2.86325e-18
8532.9189  6.60773e-18
8534.1221  -2.28886e-18
8535.3242  1.23885e-19
8536.5273  2.78095e-18
8537.7305  3.20835e-18
8538.9336  4.3962e-18
8540.1367  2.84362e-18
8541.3398  8.66196e-19
8542.543  -8.78248e-19
8543.7461  -2.33771e-19
8544.9482  9.55959e-18
8546.1514  -8.89841e-19
8547.3545  -1.00474e-18
8548.5576  1.81195e-18
8549.7607  -1.29352e-18
8550.9639  -3.19247e-19
8552.167  2.01699e-18
8553.3701  2.5333e-18
8554.5732  1.61452e-18
8555.7754  5.08145e-18
8556.9785  -2.48669e-18
8558.1816  8.02424e-18
8559.3848  -1.70986e-18
8560.5879  -1.86163e-18
8561.791  7.25847e-18
8562.9941  9.76391e-18
8564.1973  7.18333e-18
8565.3994  1.50708e-18
8566.6025  5.44065e-18
8567.8057  3.31361e-18
8569.0088  5.44458e-18
8570.2119  6.18038e-18
8571.415  -8.59792e-19
8572.6182  5.66126e-18
8573.8203  -6.09665e-19
8575.0234  3.22134e-18
8576.2266  7.61474e-19
8577.4297  1.20019e-18
8578.6328  -1.84442e-18
8579.8359  7.83625e-18
8581.0391  -4.17561e-18
8582.2422  2.15869e-19
8583.4443  -5.87132e-18
8584.6475  -7.09214e-18
8585.8506  4.05424e-18
8587.0537  1.49098e-18
8588.2568  1.99415e-18
8589.46  1.85143e-18
8590.6631  8.16027e-19
8591.8662  5.11957e-18
8593.0684  -2.26029e-18
8594.2715  1.18169e-18
8595.4746  3.5494e-18
8596.6777  -4.59933e-18
8597.8809  1.64151e-18
8599.084  1.00983e-17
8600.2871  4.23517e-18
8601.4893  2.10131e-18
8602.6924  -4.94128e-19
8603.8955  6.58e-18
8605.0986  -2.18505e-18
8606.3018  2.87567e-18
8607.5049  2.44381e-18
8608.708  1.03181e-18
8609.9102  -6.40944e-18
8611.1133  7.08013e-18
8612.3164  1.84885e-19
8613.5195  4.02903e-18
8614.7227  -1.67558e-18
8615.9258  3.79615e-19
8617.1279  8.80864e-19
8618.3311  1.03063e-18
8619.5342  1.75881e-18
8620.7373  5.63654e-19
8621.9404  3.35189e-18
8623.1436  1.87241e-18
8624.3467  5.49617e-18
8625.5488  1.00463e-17
8626.752  3.21761e-18
8627.9551  -3.26216e-18
8629.1582  -1.50403e-19
8630.3613  6.52019e-18
8631.5645  5.27194e-18
8632.7666  2.34751e-18
8633.9697  -1.6929e-18
8635.1729  -5.04671e-19
8636.376  1.92062e-18
8637.5791  1.31576e-18
8638.7812  -2.40712e-20
8639.9844  -4.91237e-19
8641.1875  9.68633e-19
8642.3906  7.87035e-18
8643.5938  -3.60277e-18
8644.7969  2.57323e-18
8645.999  3.61455e-18
8647.2021  3.88962e-18
8648.4053  6.26221e-18
8649.6084  3.94011e-18
8650.8115  8.10029e-18
8652.0137  1.13473e-17
8653.2168  3.44446e-18
8654.4199  1.83568e-18
8655.623  -1.82046e-18
8656.8262  1.96594e-18
8658.0283  2.94707e-19
8659.2314  4.31818e-18
8660.4346  4.87031e-18
8661.6377  4.00253e-19
8662.8398  -3.06601e-18
8664.043  -7.49716e-19
8665.2461  8.35932e-19
8666.4492  5.92828e-19
8667.6523  -3.2794e-18
8668.8545  -2.15648e-18
8670.0576  9.23968e-18
8671.2607  3.74527e-18
8672.4639  8.21075e-19
8673.666  3.9373e-18
8674.8691  6.51219e-18
8676.0723  2.24573e-18
8677.2754  1.23641e-19
8678.4775  4.1397e-18
8679.6807  8.4982e-18
8680.8838  7.66843e-19
8682.0869  -2.50047e-18
8683.2891  2.69094e-18
8684.4922  6.53387e-18
8685.6953  2.46449e-18
8686.8984  3.78771e-18
8688.1006  -8.20223e-19
8689.3037  3.32549e-19
8690.5068  3.52393e-18
8691.71  4.67292e-18
8692.9121  -8.16802e-19
8694.1152  2.22726e-18
8695.3184  3.35098e-18
8696.5215  -9.14429e-19
8697.7236  2.46525e-18
8698.9268  2.56629e-18
8700.1299  4.99596e-18
8701.332  5.05008e-18
8702.5352  1.12564e-19
8703.7383  6.11041e-18
8704.9404  2.57815e-18
8706.1436  -3.19959e-18
8707.3467  3.24838e-18
8708.5488  -2.67359e-18
8709.752  8.56361e-18
8710.9551  2.86846e-18
8712.1582  -5.2621e-19
8713.3604  5.60856e-18
8714.5635  1.95661e-18
8715.7666  2.70943e-20
8716.9688  1.93618e-18
8718.1719  1.59919e-18
8719.375  2.55668e-18
8720.5771  3.06466e-18
8721.7803  -2.9176e-19
8722.9834  1.18357e-17
8724.1855  1.37233e-19
8725.3887  -2.49257e-18
8726.5918  2.94787e-18
8727.7939  3.22399e-18
8728.9971  3.09252e-18
8730.1992  3.57157e-18
8731.4023  5.01711e-18
8732.6055  -2.00702e-18
8733.8076  7.15075e-18
8735.0107  5.05973e-18
8736.2139  4.71452e-18
8737.416  5.23555e-18
8738.6191  6.3987e-18
8739.8223  5.57533e-18
8741.0244  4.08875e-18
8742.2275  2.40573e-18
8743.4297  4.08362e-18
8744.6328  2.52723e-18
8745.8359  6.70409e-18
8747.0381  -8.99248e-19
8748.2412  3.71339e-18
8749.4434  3.35148e-18
8750.6465  4.2624e-18
8751.8486  2.2681e-19
8753.0518  7.92299e-19
8754.2549  3.29985e-18
8755.457  -1.32946e-18
8756.6602  3.9489e-19
8757.8623  3.61234e-18
8759.0654  8.29185e-19
8760.2676  3.20801e-18
8761.4707  -2.42462e-18
8762.6738  -8.98604e-20
8763.876  -2.49982e-18
8765.0791  -5.41871e-18
8766.2812  -2.44355e-18
8767.4844  3.26547e-18
8768.6865  5.23951e-18
8769.8896  -6.19818e-18
8771.0918  1.05716e-18
8772.2949  -2.05127e-18
8773.4971  4.01781e-18
8774.7002  -1.53288e-18
8775.9023  5.78004e-19
8777.1055  -1.31573e-19
8778.3076  6.62498e-18
8779.5107  -6.77938e-19
8780.7129  1.66997e-18
8781.916  -5.26873e-18
8783.1182  3.68411e-18
8784.3213  6.11588e-18
8785.5234  7.57381e-18
8786.7266  3.70523e-18
8787.9287  -2.94349e-18
8789.1318  1.97695e-18
8790.334  7.18524e-18
8791.5371  2.07032e-18
8792.7393  -1.00248e-18
8793.9424  -4.71158e-19
8795.1445  1.76427e-18
8796.3467  1.71961e-18
8797.5498  1.20666e-19
8798.752  4.27785e-18
8799.9551  3.27267e-18
8801.1572  9.84006e-19
8802.3604  5.45141e-18
8803.5625  -1.21505e-18
8804.7646  7.16094e-18
8805.9678  7.06577e-18
8807.1699  3.2058e-18
8808.373  4.08573e-18
8809.5752  1.08691e-18
8810.7773  -2.45635e-18
8811.9805  4.53562e-18
8813.1826  1.6061e-18
8814.3848  1.02422e-17
8815.5879  3.44384e-18
8816.79  3.7475e-18
8817.9932  2.87089e-18
8819.1953  -6.64188e-19
8820.3975  5.16097e-18
8821.6006  1.49987e-19
8822.8027  6.43616e-18
8824.0049  1.72127e-18
8825.208  6.57959e-18
8826.4102  3.81572e-18
8827.6123  5.47132e-18
8828.8154  5.1041e-18
8830.0176  -3.35816e-19
8831.2197  -1.84284e-19
8832.4229  -5.94802e-18
8833.625  6.75768e-18
8834.8271  9.62359e-18
8836.0293  5.06733e-18
8837.2324  -3.43481e-19
8838.4346  2.19958e-18
8839.6367  3.58174e-18
8840.8398  3.03242e-18
8842.042  8.17763e-18
8843.2441  5.55048e-18
8844.4463  8.89564e-18
8845.6494  -1.12227e-18
8846.8516  3.715e-18
8848.0537  8.37606e-18
8849.2559  2.27217e-18
8850.459  -6.06393e-19
8851.6611  6.14051e-18
8852.8633  -1.89512e-18
8854.0654  5.02976e-18
8855.2676  5.07908e-19
8856.4707  3.29695e-19
8857.6729  5.38784e-18
8858.875  -1.5928e-18
8860.0771  -2.47467e-18
8861.2793  6.53508e-18
8862.4824  7.52521e-19
8863.6846  -2.37787e-18
8864.8867  9.38665e-18
8866.0889  -1.80042e-18
8867.291  -5.52e-18
8868.4932  5.0372e-18
8869.6963  -2.44952e-18
8870.8984  -1.90429e-19
8872.1006  3.69531e-18
8873.3027  1.18984e-19
8874.5049  3.68694e-18
8875.707  5.3215e-18
8876.9092  -5.2033e-18
8878.1113  8.54737e-19
8879.3145  -5.47078e-19
8880.5166  -2.93277e-18
8881.7188  2.29744e-18
8882.9209  -5.60039e-19
8884.123  -4.64008e-18
8885.3252  -6.8377e-18
8886.5273  1.18178e-18
8887.7295  1.49552e-17
8888.9316  -3.65327e-18
8890.1338  2.56709e-18
8891.3359  5.30663e-18
8892.5381  1.08413e-17
8893.7402  3.13376e-18
8894.9424  3.52446e-18
8896.1445  4.45721e-18
8897.3467  -1.15375e-18
8898.5488  1.07098e-18
8899.751  2.77041e-18
8900.9531  1.07189e-17
8902.1553  1.57472e-17
8903.3574  -5.13931e-18
8904.5596  7.70173e-18
8905.7617  2.12534e-18
8906.9639  4.19997e-18
8908.166  -4.59363e-18
8909.3682  3.04566e-18
8910.5703  7.93904e-19
8911.7725  4.21371e-18
8912.9746  -1.34139e-18
8914.1768  1.95958e-18
8915.3789  -5.11735e-18
8916.5811  9.92131e-18
8917.7832  1.06976e-17
8918.9854  -5.19851e-18
8920.1875  -8.00862e-18
8921.3896  1.02179e-18
8922.5908  6.43002e-18
8923.793  1.43517e-19
8924.9951  1.03915e-17
8926.1973  -1.53635e-18
8927.3994  3.77975e-18
8928.6016  1.33573e-18
8929.8037  8.71268e-19
8931.0059  -2.69578e-18
8932.207  1.87098e-19
8933.4092  6.46667e-18
8934.6113  5.19066e-18
8935.8135  1.89548e-18
8937.0156  -6.19934e-19
8938.2168  2.13712e-18
8939.4189  1.67588e-18
8940.6211  -1.4681e-18
8941.8232  4.66897e-18
8943.0254  -4.653e-18
8944.2266  -5.06544e-19
8945.4287  -2.16124e-18
8946.6309  -2.32052e-18
8947.833  1.2447e-18
8949.0342  7.21663e-18
8950.2363  2.45425e-18
8951.4385  6.59901e-18
8952.6406  6.84711e-18
8953.8418  2.12835e-18
8955.0439  -6.75065e-18
8956.2461  -9.48791e-18
8957.4473  1.11136e-17
8958.6494  1.95726e-19
8959.8516  5.47767e-18
8961.0537  1.02118e-17
8962.2549  2.23608e-18
8963.457  3.89811e-18
8964.6592  4.88455e-18
8965.8604  2.60202e-18
8967.0625  -2.26925e-18
8968.2637  6.87447e-19
8969.4658  2.80941e-18
8970.668  4.74503e-18
8971.8691  9.38517e-19
8973.0713  9.27309e-19
8974.2734  1.97495e-18
8975.4746  2.05093e-18
8976.6768  2.10209e-18
8977.8779  4.48051e-18
8979.0801  1.22616e-18
8980.2812  2.59618e-18
8981.4834  1.51699e-18
8982.6855  -1.57471e-18
8983.8867  -3.40813e-18
8985.0889  2.042e-18
8986.29  -3.18478e-19
8987.4922  7.85919e-18
8988.6934  3.0353e-18
8989.8955  8.27181e-18
8991.0967  3.44693e-18
8992.2988  -6.33774e-19
8993.5  1.46613e-18
8994.7021  4.84045e-18
8995.9033  -1.90328e-20
8997.1055  1.777e-18
8998.3066  9.2657e-20
8999.5088  -4.64167e-18
9000.71  9.31912e-18
9001.9111  5.80177e-18
9003.1133  1.63013e-18
9004.3145  -1.7543e-18
9005.5166  -2.73242e-18
9006.7178  3.16168e-18
9007.9189  1.00099e-18
9009.1211  2.90686e-18
9010.3223  1.01065e-18
9011.5244  3.02316e-18
9012.7256  1.45644e-18
9013.9268  3.1187e-18
9015.1289  3.79157e-18
9016.3301  6.64958e-20
9017.5312  1.93597e-18
9018.7334  5.21303e-18
9019.9346  5.57401e-19
9021.1357  2.73676e-18
9022.3379  5.97034e-18
9023.5391  -4.74051e-19
9024.7402  2.12982e-18
9025.9424  8.95492e-19
9027.1436  -1.71965e-19
9028.3447  -4.6646e-19
9029.5459  4.33566e-18
9030.748  1.12487e-18
9031.9492  3.142e-18
9033.1504  4.99245e-18
9034.3516  1.48321e-18
9035.5527  -2.90453e-20
9036.7549  3.36007e-18
9037.9561  4.476e-18
9039.1572  9.88836e-19
9040.3584  3.71982e-18
9041.5596  -2.21787e-18
9042.7617  2.07057e-18
9043.9629  7.59084e-19
9045.1641  2.62411e-18
9046.3652  8.5318e-18
9047.5664  4.17951e-18
9048.7676  8.55527e-18
9049.9688  3.75438e-18
9051.1699  9.15167e-19
9052.3721  5.26163e-18
9053.5732  4.57624e-18
9054.7744  1.7259e-18
9055.9756  5.05205e-18
9057.1768  7.35964e-18
9058.3779  4.88464e-18
9059.5791  5.13255e-18
9060.7803  4.27509e-18
9061.9814  2.31209e-18
9063.1826  6.13193e-18
9064.3838  1.91323e-18
9065.585  5.18304e-18
9066.7861  2.93187e-18
9067.9873  3.85709e-18
9069.1885  1.93358e-18
9070.3896  -3.9076e-19
9071.5908  3.61617e-18
9072.792  4.15353e-18
9073.9932  3.03566e-18
9075.1943  7.60703e-18
9076.3955  5.04342e-18
9077.5967  4.09305e-18
9078.7979  4.25478e-18
9079.998  1.59e-18
9081.1992  8.92521e-19
9082.4004  1.49241e-18
9083.6016  4.73715e-18
9084.8027  6.14157e-18
9086.0039  2.88152e-18
9087.2051  1.02519e-18
9088.4053  5.37775e-18
9089.6064  3.46843e-18
9090.8076  6.12572e-18
9092.0088  1.61338e-18
9093.21  2.85165e-18
9094.4111  3.50551e-18
9095.6113  1.21659e-18
9096.8125  4.09238e-18
9098.0137  1.94809e-18
9099.2148  2.8793e-18
9100.415  1.57548e-18
9101.6162  2.60341e-18
9102.8174  5.92471e-18
9104.0186  2.38362e-18
9105.2188  1.53716e-18
9106.4199  1.86104e-18
9107.6211  -2.47853e-19
9108.8213  -1.48457e-18
9110.0225  4.7235e-18
9111.2236  1.43157e-19
9112.4238  1.81006e-18
9113.625  3.19873e-18
9114.8262  6.33532e-18
9116.0264  4.02521e-18
9117.2275  8.86838e-19
9118.4277  6.41495e-18
9119.6289  4.32347e-18
9120.8301  2.60188e-18
9122.0303  2.68618e-18
9123.2314  6.09784e-18
9124.4316  1.51401e-18
9125.6328  4.5258e-18
9126.833  2.57751e-18
9128.0342  7.1902e-19
9129.2344  2.53813e-18
9130.4355  4.53367e-18
9131.6357  4.85939e-18
9132.8369  6.25436e-18
9134.0371  5.97829e-18
9135.2383  2.50032e-18
9136.4385  1.04857e-18
9137.6396  9.64604e-19
9138.8398  1.36946e-18
9140.041  -8.73682e-19
9141.2412  1.63223e-18
9142.4414  1.85358e-18
9143.6426  3.18604e-18
9144.8428  4.56269e-18
9146.0439  2.60086e-18
9147.2441  5.53399e-18
9148.4443  2.13639e-18
9149.6455  3.31518e-18
9150.8457  3.59272e-18
9152.0459  7.21471e-18
9153.2471  2.46022e-18
9154.4473  4.48916e-18
9155.6475  2.6108e-18
9156.8477  4.96933e-18
9158.0488  1.16179e-18
9159.249  6.51375e-18
9160.4492  3.23135e-18
9161.6494  -5.15748e-19
9162.8506  3.43357e-18
9164.0508  5.51687e-18
9165.251  5.01376e-18
9166.4512  2.78493e-18
9167.6523  5.71073e-18
9168.8525  5.13267e-18
9170.0527  4.80185e-18
9171.2529  2.09594e-18
9172.4531  2.45467e-18
9173.6533  5.20245e-18
9174.8535  3.86603e-18
9176.0547  4.17478e-18
9177.2549  4.065e-18
9178.4551  1.86633e-18
9179.6553  2.92605e-18
9180.8555  2.16515e-18
9182.0557  6.48357e-18
9183.2559  4.70398e-18
9184.4561  2.24624e-18
9185.6562  -9.54392e-19
9186.8564  6.4699e-18
9188.0566  4.50325e-18
9189.2568  4.94039e-18
9190.457  6.11094e-18
9191.6572  3.82906e-18
9192.8574  5.42746e-18
9194.0576  3.20057e-18
9195.2578  4.83195e-18
9196.458  3.56856e-18
9197.6582  4.30848e-18
9198.8584  6.20999e-18
9200.0586  5.96587e-18
9201.2588  1.05597e-18
9202.459  5.35154e-18
9203.6582  3.22959e-18
9204.8584  4.72333e-18
9206.0586  2.51765e-18
9207.2588  1.28149e-18
9208.459  3.3869e-18
9209.6592  5.16177e-18
9210.8584  1.77373e-18
9212.0586  4.66696e-18
9213.2588  7.70713e-18
9214.459  2.72509e-18
9215.6592  3.21386e-18
9216.8584  -1.8108e-19
9218.0586  4.17278e-18
9219.2588  2.04424e-18
9220.459  8.50095e-19
9221.6582  5.5324e-18
9222.8584  -2.0601e-18
9224.0586  1.559e-18
9225.2578  4.60971e-18
9226.458  2.88431e-18
9227.6572  7.2085e-18
9228.8574  3.26689e-18
9230.0576  7.39423e-19
9231.2568  2.93527e-18
9232.457  5.73928e-18
9233.6572  6.66466e-19
9234.8564  1.88104e-18
9236.0566  -9.4264e-19
9237.2559  5.00449e-18
9238.4561  4.57688e-18
9239.6553  7.6611e-18
9240.8555  2.61388e-18
9242.0547  7.69931e-19
9243.2549  3.0822e-18
9244.4541  4.78705e-18
9245.6543  2.44019e-18
9246.8535  5.30163e-18
9248.0537  1.6981e-18
9249.2529  4.32698e-18
9250.4531  8.60359e-19
9251.6523  8.58736e-18
9252.8516  2.36013e-18
9254.0518  2.48074e-18
9255.251  9.451e-19
9256.4512  8.3941e-18
9257.6504  2.55553e-18
9258.8496  6.71738e-18
9260.0498  7.32653e-19
9261.249  4.62151e-18
9262.4482  1.49465e-18
9263.6475  4.96241e-18
9264.8477  5.34369e-18
9266.0469  3.74979e-18
9267.2461  2.73957e-18
9268.4453  3.41058e-18
9269.6455  4.01195e-18
9270.8447  6.98798e-18
9272.0439  2.20941e-18
9273.2432  7.23344e-18
9274.4434  2.05313e-18
9275.6426  2.64097e-18
9276.8418  4.58584e-18
9278.041  2.16006e-18
9279.2402  1.6963e-18
9280.4395  4.26313e-18
9281.6387  2.25025e-18
9282.8389  4.19818e-18
9284.0381  3.13795e-18
9285.2373  3.29188e-18
9286.4365  3.24344e-18
9287.6357  1.58843e-19
9288.835  1.03284e-17
9290.0342  2.01603e-18
9291.2334  4.6004e-18
9292.4326  2.7666e-18
9293.6318  1.73061e-18
9294.8311  5.6494e-19
9296.0303  4.4293e-18
9297.2295  7.74562e-18
9298.4287  2.10291e-18
9299.627  -6.38254e-19
9300.8262  3.80402e-18
9302.0254  7.30571e-18
9303.2246  -3.46261e-19
9304.4238  -1.86725e-18
9305.623  7.18142e-18
9306.8223  -5.27741e-19
9308.0215  -4.09826e-18
9309.2197  6.81309e-18
9310.4189  3.22244e-18
9311.6182  7.4671e-19
9312.8174  5.60385e-19
9314.0156  1.4023e-17
9315.2148  -1.49114e-18
9316.4141  1.83065e-17
9317.6133  -3.03342e-18
9318.8115  1.02731e-17
9320.0107  7.65485e-18
9321.21  1.48743e-17
9322.4082  -3.34404e-19
9323.6074  1.87994e-17
9324.8066  6.74686e-19
9326.0049  3.68768e-18
9327.2041  3.52934e-18
9328.4033  -1.84335e-18
9329.6016  7.98356e-18
9330.8008  4.73588e-18
9331.999  8.87342e-18
9333.1982  8.90121e-18
9334.3965  2.94435e-18
9335.5957  6.8494e-18
9336.7939  9.69266e-18
9337.9932  9.11447e-18
9339.1914  3.8569e-18
9340.3906  5.75618e-18
9341.5889  -5.78146e-18
9342.7881  6.07069e-18
9343.9863  4.26687e-18
9345.1855  2.0478e-17
9346.3838  7.63811e-18
9347.582  3.08104e-18
9348.7812  6.37198e-18
9349.9795  3.92767e-18
9351.1777  2.91661e-18
9352.377  1.15956e-17
9353.5752  2.23372e-18
9354.7734  9.09724e-18
9355.9727  4.87456e-18
9357.1709  2.55607e-18
9358.3691  7.11523e-18
9359.5684  5.59287e-18
9360.7666  8.26211e-18
9361.9648  4.38875e-18
9363.1631  -3.76024e-18
9364.3613  3.04186e-18
9365.5605  5.33281e-18
9366.7588  4.07028e-18
9367.957  6.32296e-18
9369.1553  2.16624e-18
9370.3535  1.01324e-17
9371.5518  -3.1486e-18
9372.75  -2.06994e-18
9373.9482  -2.85156e-18
9375.1475  -3.04373e-18
9376.3457  -1.01235e-17
9377.5439  -8.61765e-18
9378.7422  9.84457e-18
9379.9404  -9.73754e-19
9381.1387  8.29274e-18
9382.3369  1.72029e-17
9383.5352  1.14158e-17
9384.7324  3.83985e-18
9385.9307  -3.83767e-18
9387.1289  1.54891e-18
9388.3271  5.71578e-18
9389.5254  6.5473e-18
9390.7236  5.63566e-18
9391.9219  3.0044e-18
9393.1201  6.56612e-18
9394.3184  4.43114e-18
9395.5156  6.52864e-18
9396.7139  2.67205e-18
9397.9121  1.75689e-18
9399.1104  5.2166e-18
9400.3086  9.46251e-18
9401.5059  1.70402e-18
9402.7041  2.77374e-18
9403.9023  2.56977e-18
9405.1006  3.56277e-18
9406.2979  1.77514e-18
9407.4961  3.12939e-18
9408.6934  6.2884e-18
9409.8916  8.50992e-18
9411.0898  6.29904e-18
9412.2871  3.69234e-18
9413.4854  5.07359e-18
9414.6826  1.38916e-18
9415.8809  4.63474e-18
9417.0791  1.83716e-18
9418.2764  6.87211e-18
9419.4746  -3.35295e-18
9420.6719  3.9833e-19
9421.8701  2.97999e-18
9423.0674  2.40687e-18
9424.2656  -1.53491e-18
9425.4629  4.66327e-18
9426.6611  9.13592e-18
9427.8584  2.5149e-18
9429.0557  5.75389e-18
9430.2539  1.61803e-18
9431.4512  2.41027e-18
9432.6484  2.07278e-18
9433.8467  7.03327e-19
9435.0439  8.98526e-18
9436.2412  4.44049e-19
9437.4395  5.89422e-18
9438.6367  -5.60908e-18
9439.834  -2.4199e-17
9441.0312  1.10695e-17
9442.2295  1.35429e-17
9443.4268  5.38014e-18
9444.624  1.21484e-17
9445.8213  6.35298e-18
9447.0186  4.76536e-18
9448.2168  6.11648e-18
9449.4141  2.39915e-18
9450.6113  6.43804e-18
9451.8086  6.04541e-18
9453.0059  -3.29423e-18
9454.2031  1.84458e-18
9455.4004  1.65876e-17
9456.5977  1.92841e-18
9457.7949  3.13608e-18
9458.9922  -4.89196e-18
9460.1895  4.77145e-18
9461.3867  5.03033e-18
9462.584  4.57198e-18
9463.7812  1.08742e-18
9464.9785  6.63851e-18
9466.1758  7.27598e-18
9467.373  4.76041e-18
9468.5703  4.54208e-18
9469.7676  1.43767e-18
9470.9648  5.18157e-18
9472.1611  -1.46634e-18
9473.3584  5.79928e-18
9474.5557  1.03758e-17
9475.7529  -7.73529e-18
9476.9492  7.44128e-18
9478.1465  8.82163e-18
9479.3438  1.19795e-17
9480.541  3.71902e-18
9481.7373  5.70335e-18
9482.9346  1.39292e-17
9484.1318  5.22262e-18
9485.3281  2.36517e-18
9486.5254  5.17517e-18
9487.7227  3.51036e-18
9488.9189  1.82978e-18
9490.1162  4.79267e-18
9491.3125  1.04972e-17
9492.5098  nan
9493.707  nan
9494.9033  2.456e-18
9496.1006  4.55234e-18
9497.2969  7.77747e-19
9498.4932  -1.19998e-17
9499.6904  1.93318e-19
9500.8867  -5.64861e-18
9502.084  4.9617e-18
9503.2803  -1.13291e-17
9504.4775  -5.73572e-18
9505.6738  1.01532e-17
9506.8701  -1.83207e-18
9508.0674  1.27186e-18
9509.2637  2.18066e-18
9510.46  3.00454e-18
9511.6572  7.08544e-18
9512.8535  7.632e-18
9514.0498  5.62937e-18
9515.2461  8.69209e-18
9516.4434  2.12933e-18
9517.6396  3.9559e-18
9518.8359  1.06729e-17
9520.0322  5.3954e-18
9521.2285  3.40609e-19
9522.4248  -6.85492e-18
9523.6211  -2.23996e-18
9524.8184  -1.28184e-18
9526.0146  7.39638e-18
9527.2109  -1.18725e-18
9528.4072  4.26591e-18
9529.6035  5.85438e-18
9530.7998  8.69625e-19
9531.9961  3.90376e-18
9533.1924  3.66897e-18
9534.3887  2.77665e-18
9535.585  5.07364e-18
9536.7803  4.41367e-18
9537.9766  8.58707e-18
9539.1729  3.88334e-18
9540.3691  1.6788e-18
9541.5654  3.77734e-18
9542.7617  4.55463e-18
9543.958  1.54054e-18
9545.1533  6.14336e-18
9546.3496  -2.80764e-18
9547.5459  4.01193e-18
9548.7422  2.08501e-18
9549.9375  1.89415e-18
9551.1338  8.86915e-19
9552.3301  8.781e-18
9553.5254  9.24166e-18
9554.7217  -3.256e-18
9555.918  6.08183e-18
9557.1133  6.48837e-18
9558.3096  7.9641e-18
9559.5059  3.91676e-18
9560.7012  3.44405e-18
9561.8975  4.80826e-19
9563.0928  -1.19251e-18
9564.2891  -2.68539e-19
9565.4844  4.99457e-18
9566.6807  5.00537e-18
9567.876  1.34631e-18
9569.0713  -3.52033e-18
9570.2676  2.18972e-18
9571.4629  1.37737e-18
9572.6592  5.43393e-18
9573.8545  6.59976e-18
9575.0498  -2.64079e-19
9576.2461  1.6435e-18
9577.4414  2.71703e-18
9578.6367  4.18838e-18
9579.832  6.93013e-18
9581.0283  7.95563e-18
9582.2236  2.64683e-18
9583.4189  9.18782e-19
9584.6143  3.80147e-18
9585.8105  3.84863e-18
9587.0059  2.38156e-18
9588.2012  3.23673e-18
9589.3965  7.08946e-18
9590.5918  7.09969e-18
9591.7871  4.98368e-18
9592.9824  6.3324e-18
9594.1777  -4.86969e-18
9595.373  4.60782e-18
9596.5684  4.71373e-18
9597.7637  3.80798e-18
9598.959  9.47758e-18
9600.1543  6.12155e-20
9601.3496  2.55783e-18
9602.5449  2.13965e-18
9603.7402  3.67813e-18
9604.9355  6.25688e-18
9606.1309  -7.50711e-19
9607.3252  5.17907e-18
9608.5205  7.85791e-18
9609.7158  -6.3881e-19
9610.9111  4.69111e-18
9612.1055  -1.22405e-19
9613.3008  6.44758e-18
9614.4961  3.93328e-18
9615.6914  4.37038e-18
9616.8857  5.14211e-18
9618.0811  -3.30357e-18
9619.2764  3.4438e-18
9620.4707  5.421e-18
9621.666  2.95021e-18
9622.8604  1.81166e-18
9624.0557  5.93044e-19
9625.25  -9.15727e-19
9626.4453  5.12681e-18
9627.6396  6.87956e-18
9628.835  2.78532e-18
9630.0293  1.69317e-18
9631.2246  1.88489e-18
9632.4189  4.3944e-18
9633.6143  4.71942e-18
9634.8086  2.84505e-18
9636.0029  2.74105e-18
9637.1982  -2.83326e-19
9638.3926  4.55965e-18
9639.5869  3.94415e-18
9640.7822  1.64022e-18
9641.9766  5.49485e-18
9643.1709  5.34175e-19
9644.3652  2.12623e-18
9645.5605  1.45881e-18
9646.7549  2.76636e-18
9647.9492  -2.44218e-19
9649.1436  3.84398e-18
9650.3379  8.25334e-18
9651.5322  5.20791e-18
9652.7266  5.51963e-18
9653.9209  1.41033e-18
9655.1152  -1.20759e-18
9656.3096  5.40024e-18
9657.5039  -1.01878e-18
9658.6982  6.05848e-18
9659.8926  5.80731e-18
9661.0869  2.05274e-19
9662.2812  4.14582e-18
9663.4756  3.17715e-18
9664.6699  6.3371e-18
9665.8643  2.85638e-19
9667.0576  2.63646e-18
9668.252  4.35357e-18
9669.4463  -1.55122e-18
9670.6406  2.34813e-18
9671.835  4.85921e-18
9673.0283  -1.07626e-18
9674.2227  -7.50019e-19
9675.417  1.97804e-18
9676.6104  8.00724e-18
9677.8047  -1.54463e-19
9678.999  5.85149e-18
9680.1924  3.21308e-18
9681.3867  2.33704e-18
9682.5801  3.78572e-18
9683.7744  6.27758e-18
9684.9678  3.65314e-18
9686.1621  3.55292e-18
9687.3555  -1.19555e-18
9688.5498  7.72375e-19
9689.7432  3.81257e-18
9690.9375  1.91689e-18
9692.1309  -1.33492e-18
9693.3242  1.74618e-18
9694.5186  5.32591e-18
9695.7119  1.21429e-18
9696.9053  7.37234e-18
9698.0996  8.10438e-18
9699.293  1.79792e-18
9700.4863  -9.27872e-19
9701.6797  -1.35009e-18
9702.873  4.36172e-19
9704.0674  1.41917e-18
9705.2607  3.08371e-18
9706.4541  2.53444e-19
9707.6475  5.84003e-18
9708.8408  -1.00012e-19
9710.0342  5.40667e-19
9711.2275  1.03512e-17
9712.4209  5.24743e-18
9713.6143  1.59729e-18
9714.8076  -2.34477e-19
9716.001  7.42571e-18
9717.1943  -5.40556e-19
9718.3877  4.46342e-18
9719.5811  1.15208e-17
9720.7744  7.60792e-18
9721.9678  1.59589e-18
9723.1602  9.94422e-19
9724.3535  4.7768e-18
9725.5469  5.03843e-18
9726.7402  1.06992e-17
9727.9326  9.14272e-18
9729.126  5.30808e-18
9730.3193  4.90522e-18
9731.5117  2.18188e-19
9732.7051  1.19882e-18
9733.8984  5.02288e-18
9735.0908  3.52369e-18
9736.2842  -1.03274e-18
9737.4766  6.64761e-18
9738.6699  2.53928e-18
9739.8623  3.59872e-19
9741.0557  2.02907e-18
9742.248  3.5362e-18
9743.4414  5.22877e-18
9744.6338  7.3063e-18
9745.8271  5.25614e-18
9747.0195  5.96371e-18
9748.2119  3.48333e-18
9749.4053  5.11475e-18
9750.5977  2.28162e-18
9751.79  8.85044e-18
9752.9824  5.21719e-18
9754.1758  5.3556e-18
9755.3682  4.52103e-18
9756.5605  5.23443e-18
9757.7529  3.7129e-18
9758.9453  3.26675e-18
9760.1377  2.10983e-18
9761.3301  5.87647e-18
9762.5225  3.85985e-18
9763.7148  2.13745e-18
9764.9072  5.54992e-18
9766.1006  8.02399e-18
9767.293  7.34683e-18
9768.4844  5.52909e-18
9769.6768  4.26336e-18
9770.8691  5.51628e-18
9772.0615  2.52935e-18
9773.2539  5.62325e-18
9774.4463  6.41933e-18
9775.6387  6.39881e-18
9776.8301  5.76182e-18
9778.0225  7.14256e-18
9779.2148  4.95679e-18
9780.4072  2.11882e-18
9781.5986  4.42677e-18
9782.791  6.49021e-18
9783.9824  8.0673e-18
9785.1748  2.93819e-18
9786.3672  7.05004e-18
9787.5586  6.91262e-18
9788.751  -3.95871e-18
9789.9424  1.38954e-17
9791.1348  -1.46423e-18
9792.3262  2.52621e-18
9793.5186  -7.36506e-18
9794.71  7.0877e-18
9795.9023  5.40068e-18
9797.0938  1.04764e-17
9798.2852  5.27255e-18
9799.4775  8.75433e-18
9800.6689  8.73792e-19
9801.8604  -5.61562e-19
9803.0518  -1.0546e-18
9804.2441  1.93424e-18
9805.4355  6.65048e-18
9806.627  6.61213e-18
9807.8184  7.81599e-18
9809.0098  9.05615e-18
9810.2012  5.99506e-18
9811.3926  5.39618e-18
9812.584  4.55036e-18
9813.7764  4.43411e-18
9814.9678  4.03333e-18
9816.1582  1.62216e-18
9817.3496  6.976e-18
9818.541  2.82484e-18
9819.7324  6.0136e-18
9820.9238  5.73529e-18
9822.1152  5.02349e-18
9823.3066  3.69812e-18
9824.498  3.47094e-18
9825.6885  6.21034e-18
9826.8799  9.5624e-19
9828.0713  7.61243e-18
9829.2617  3.18278e-18
9830.4531  -4.08669e-18
9831.6445  6.78434e-18
9832.835  5.65815e-18
9834.0264  5.58707e-18
9835.2178  8.68471e-18
9836.4082  4.39485e-18
9837.5996  5.85935e-18
9838.79  1.03687e-17
9839.9814  2.87763e-18
9841.1719  7.34266e-19
9842.3633  5.06329e-18
9843.5537  3.49066e-18
9844.7441  1.16496e-17
9845.9355  1.05606e-17
9847.126  8.015e-18
9848.3164  6.48207e-18
9849.5068  2.08298e-18
9850.6982  1.32327e-18
9851.8887  4.2451e-18
9853.0791  3.4265e-18
9854.2695  4.26773e-18
9855.46  5.95674e-18
9856.6504  4.59089e-18
9857.8408  9.38533e-18
9859.0322  2.62022e-18
9860.2227  8.77173e-18
9861.4131  7.51332e-18
9862.6025  4.10168e-18
9863.793  5.38569e-18
9864.9834  -8.37545e-19
9866.1738  2.56981e-18
9867.3643  9.72535e-18
9868.5547  4.39483e-18
9869.7451  -8.87234e-18
9870.9355  -9.58343e-18
9872.125  2.16184e-19
9873.3154  -3.35002e-18
9874.5059  6.86651e-18
9875.6953  5.52415e-18
9876.8857  5.90838e-18
9878.0762  1.15009e-17
9879.2656  6.98098e-18
9880.4561  1.03933e-17
9881.6455  7.83526e-18
9882.8359  6.54267e-18
9884.0254  7.69488e-18
9885.2158  4.41544e-18
9886.4053  5.66354e-18
9887.5957  6.18036e-18
9888.7852  4.89408e-18
9889.9756  8.94445e-18
9891.165  4.49922e-18
9892.3545  4.25099e-18
9893.5439  7.71553e-18
9894.7344  -1.01004e-17
9895.9238  1.98044e-18
9897.1133  -3.54512e-19
9898.3027  3.10137e-18
9899.4922  6.69878e-18
9900.6816  5.32891e-18
9901.8711  2.89836e-18
9903.0605  9.57482e-18
9904.251  5.26041e-18
9905.4404  3.21433e-18
9906.6299  6.5329e-18
9907.8184  4.77502e-18
9909.0078  6.82965e-19
9910.1973  -1.06155e-17
9911.3867  9.58678e-18
9912.5762  1.77238e-17
9913.7656  -6.50467e-18
9914.9541  5.70806e-18
9916.1436  -2.18507e-17
9917.333  1.58854e-18
9918.5225  7.158e-18
9919.7109  7.2709e-18
9920.9004  4.78383e-18
9922.0889  4.79592e-18
9923.2783  7.54081e-18
9924.4678  5.85752e-18
9925.6562  4.33919e-18
9926.8457  1.14774e-19
9928.0342  7.34105e-18
9929.2227  7.09645e-18
9930.4121  4.36204e-18
9931.6006  7.19015e-18
9932.79  7.30458e-18
9933.9785  7.45784e-18
9935.167  -6.88827e-19
9936.3555  7.08817e-18
9937.5449  5.53025e-18
9938.7334  7.42822e-18
9939.9219  3.00666e-18
9941.1104  1.24908e-18
9942.2988  3.6606e-18
9943.4873  1.0774e-17
9944.6758  1.12443e-17
9945.8643  -3.63201e-18
9947.0527  4.64632e-19
9948.2412  -1.46445e-18
9949.4297  2.69462e-18
9950.6182  6.91778e-18
9951.8066  2.56355e-18
9952.9951  9.35583e-18
9954.1836  9.23956e-18
9955.3721  1.29879e-17
9956.5596  1.06972e-18
9957.748  -7.40125e-18
9958.9365  -3.86744e-18
9960.124  -8.37096e-18
9961.3125  -3.04397e-18
9962.501  2.99248e-19
9963.6885  5.03392e-18
9964.877  1.08296e-17
9966.0645  1.27727e-18
9967.2529  7.00941e-18
9968.4404  1.27634e-17
9969.6289  9.45536e-18
9970.8164  2.30877e-18
9972.0039  7.79875e-18
9973.1924  2.51111e-18
9974.3799  -1.64237e-18
9975.5674  -3.12919e-18
9976.7559  3.07458e-18
9977.9434  5.3931e-18
9979.1309  6.99424e-18
9980.3184  1.24033e-18
9981.5059  1.43733e-17
9982.6934  6.04656e-18
9983.8809  2.35539e-18
9985.0684  4.06349e-18
9986.2559  -5.68341e-19
9987.4434  4.33453e-18
9988.6309  3.97185e-18
9989.8184  8.10611e-18
9991.0059  6.06578e-18
9992.1934  4.69654e-18
9993.3809  8.4355e-18
9994.5684  -3.12667e-18
9995.7549  4.32031e-18
9996.9424  1.00127e-17
9998.1299  7.0961e-18
9999.3164  9.38783e-18
10000.504  3.1931e-19
10001.691  -1.007e-18
10002.878  6.05663e-18
10004.065  2.18804e-19
10005.252  2.1819e-18
10006.439  1.4316e-17
10007.626  6.92333e-18
10008.813  1.58083e-17
10010.0  -4.28768e-18
10011.187  -3.92023e-18
10012.374  3.03268e-18
10013.56  -1.48924e-18
10014.747  3.81518e-18
10015.934  -4.90425e-18
10017.121  6.79388e-18
10018.307  5.93454e-18
10019.494  9.57483e-18
10020.68  3.34009e-18
10021.867  4.80338e-18
10023.054  7.19906e-18
10024.24  1.11413e-17
10025.427  -2.19479e-18
10026.613  -3.39126e-18
10027.799  1.16369e-19
10028.986  2.26526e-18
10030.172  1.24272e-18
10031.359  8.54612e-18
10032.545  -9.8197e-20
10033.731  5.51045e-18
10034.917  1.67736e-18
10036.103  7.08513e-18
10037.29  -3.6152e-18
10038.476  7.81216e-18
10039.662  6.92896e-18
10040.848  3.33479e-18
10042.034  1.30014e-18
10043.22  3.36349e-18
10044.406  8.29975e-18
10045.592  1.1836e-17
10046.778  7.71247e-18
10047.964  8.85004e-18
10049.15  5.97496e-18
10050.335  1.2779e-17
10051.521  1.88947e-18
10052.707  6.79839e-18
10053.893  5.79579e-18
10055.078  8.22735e-18
10056.264  5.64784e-20
10057.45  7.44145e-18
10058.635  4.73887e-18
10059.821  4.67935e-18
10061.006  2.19337e-18
10062.192  -7.55563e-19
10063.377  3.53268e-18
10064.562  -4.73712e-18
10065.748  1.69516e-17
10066.933  2.59e-18
10068.119  7.49802e-18
10069.304  -3.185e-18
10070.489  -7.29176e-18
10071.674  5.61391e-18
10072.859  9.06642e-18
10074.045  7.82456e-18
10075.23  5.00378e-18
10076.415  6.67053e-18
10077.6  7.9742e-18
10078.785  9.05295e-19
10079.97  1.8999e-17
10081.155  3.09598e-18
10082.34  6.18678e-18
10083.525  -9.05395e-19
10084.709  1.4165e-18
10085.894  -4.4032e-18
10087.079  5.88627e-18
10088.264  8.07953e-18
10089.448  3.4317e-18
10090.633  3.95257e-18
10091.818  6.28425e-18
10093.002  2.05668e-18
10094.187  5.49511e-18
10095.371  -2.41739e-18
10096.556  8.66106e-18
10097.74  3.28482e-18
10098.925  7.66772e-18
10100.109  3.29583e-18
10101.294  9.56126e-18
10102.478  1.25976e-17
10103.662  1.24938e-17
10104.847  5.18938e-18
10106.031  -3.61145e-19
10107.215  4.92805e-19
10108.399  7.57488e-18
10109.583  5.28515e-18
10110.767  7.08351e-18
10111.951  1.1099e-17
10113.135  2.04186e-18
10114.319  1.09054e-18
10115.503  1.00506e-17
10116.687  2.53039e-18
10117.871  1.6027e-17
10119.055  2.10534e-17
10120.239  1.0956e-17
10121.422  -6.81162e-19
10122.606  2.98168e-19
10123.79  8.0384e-18
10124.974  1.18992e-17
10126.157  5.87815e-18
10127.341  -1.05932e-18
10128.524  -1.07611e-18
10129.708  6.61733e-18
10130.891  1.08827e-17
10132.075  -5.69937e-19
10133.258  4.86846e-18
10134.442  -1.22537e-18
10135.625  4.76669e-18
10136.808  1.3109e-17
10137.991  8.9804e-18
10139.175  1.06554e-17
10140.358  3.39958e-18
10141.541  -1.2658e-18
10142.724  2.06076e-18
10143.907  1.71923e-18
10145.09  -3.80383e-18
10146.273  5.38464e-18
10147.456  1.12215e-17
10148.639  5.50477e-18
10149.822  1.13293e-17
10151.005  -4.24169e-18
10152.188  3.00962e-18
10153.371  -3.9306e-18
10154.553  -5.10958e-18
10155.736  2.20793e-18
10156.919  8.73725e-18
10158.101  -3.72934e-18
10159.284  4.98966e-18
10160.466  3.40844e-18
10161.649  1.32672e-17
10162.831  4.77464e-18
10164.014  1.43253e-17
10165.196  1.29563e-17
10166.379  -2.96864e-18
10167.561  4.59811e-18
10168.743  2.75357e-17
10169.926  3.45838e-17
10171.108  -8.48896e-18
10172.29  -2.20597e-17
10173.472  -1.40753e-17
10174.654  -7.92028e-18
10175.836  1.30247e-17
10177.018  2.29898e-18
10178.2  -5.45307e-18
10179.382  4.00394e-18
10180.564  2.82757e-18
10181.746  7.55997e-18
10182.928  1.55758e-17
10184.11  5.89031e-18
10185.292  -4.49504e-18
10186.473  4.91653e-19
10187.655  -6.37161e-18
10188.837  1.26554e-17
10190.018  -2.26312e-18
10191.2  -2.97415e-18
10192.381  1.03785e-18
10193.563  2.82658e-18
10194.744  1.78097e-18
10195.926  1.45195e-17
10197.107  1.04912e-17
10198.288  7.84002e-18
10199.47  5.96717e-18
10200.651  6.40855e-18
10201.832  -5.16405e-19
10203.013  -6.09597e-18
10204.195  -4.35782e-18
10205.376  1.13433e-18
10206.557  7.74935e-18
10207.738  -5.82727e-18
10208.919  2.75515e-17
10210.1  6.95893e-18
10211.281  2.60417e-17
10212.461  2.23211e-19
10213.642  1.56209e-17
10214.823  1.48736e-17
10216.004  3.784e-18
10217.184  1.05379e-17
10218.365  1.36334e-17
10219.546  1.45375e-18
10220.726  3.16974e-18
10221.907  -4.7627e-20
10223.087  7.08808e-18
10224.268  6.4941e-18
10225.448  -9.6875e-18
10226.629  1.77753e-17
10227.809  -2.17835e-18
10228.989  -9.83948e-18
10230.169  6.1971e-18
10231.35  -1.0304e-18
10232.53  -7.01764e-19
10233.71  2.17448e-18
10234.89  6.78919e-18
10236.07  1.20652e-17
10237.25  2.86838e-18
10238.43  2.59253e-18
10239.61  2.12418e-18
10240.79  1.67496e-18
10241.97  -1.81687e-18
10243.15  7.64955e-18
10244.329  6.44621e-18
10245.509  2.454e-18
10246.689  2.73946e-18
10247.868  8.21869e-18
10249.048  -4.91163e-18
10250.228  1.15975e-17
10251.407  6.66512e-18
10252.587  -1.71657e-18
10253.766  1.2039e-17
10254.945  1.57365e-19
10256.125  1.22088e-17
10257.304  1.09706e-17
10258.483  1.16983e-17
10259.662  5.44638e-18
10260.842  3.84125e-18
10262.021  4.95826e-18
10263.2  -4.17922e-18
10264.379  3.09967e-18
10265.558  -3.40144e-18
10266.737  2.02895e-17
10267.916  6.61296e-18
10269.095  4.36401e-18
10270.274  7.42905e-18
10271.452  4.74434e-18
10272.631  6.32887e-19
10273.81  1.01552e-17
10274.988  5.33663e-18
10276.167  1.01652e-17
10277.346  2.64201e-18
10278.524  6.25753e-18
10279.703  6.51479e-18
10280.881  -9.59433e-19
10282.059  -1.03628e-18
10283.238  2.17902e-17
10284.416  -1.99169e-17
10285.594  -6.22213e-18
10286.773  7.56568e-18
10287.951  1.61756e-17
10289.129  -2.03867e-17
10290.307  -6.1561e-19
10291.485  2.2853e-17
10292.663  5.24779e-18
10293.841  -5.56938e-18
10295.019  -3.24522e-19
